0	0	0	0	0	0	0	0	0	0	0	0	0	0	0	0	0	0	0	0	0	0	0	0	0	0	0	0	0	0
0	0	0	0	0	0	0	0	0	0	0	0	0	0	0	0	0	0	0	0	0	0	0	0	0	0	0	0	0	0
0	0	0	0	0	0	0	0	0	0	0	0	0	0	0	0	0	0	0	0	0	0	0	0	0	0	0	0	593	0
0	0	0	0	0	0	0	0	0	0	0	0	0	0	0	0	0	0	0	0	0	0	0	0	0	0	0	587	592	575
0	0	0	0	0	0	0	0	0	0	0	0	0	0	0	0	0	0	0	0	0	0	0	0	0	0	585	586	571	574
0	0	0	0	0	0	0	0	0	0	0	0	0	0	0	0	0	0	0	0	0	0	0	0	0	583	584	557	570	541
0	0	0	0	0	0	0	0	0	0	0	0	0	0	0	0	0	0	0	0	0	0	0	0	581	582	551	556	535	540
0	0	0	0	0	0	0	0	0	0	0	0	0	0	0	0	0	0	0	577	0	0	0	579	580	549	550	529	534	531
0	0	0	0	0	0	0	0	0	0	0	0	0	0	0	0	0	0	565	576	567	0	547	578	509	548	527	528	525	530
0	0	0	0	0	0	0	0	0	0	0	0	0	0	0	0	0	559	564	561	566	533	546	503	508	497	526	513	524	505
0	0	0	0	0	0	0	0	0	0	0	0	0	0	0	0	555	558	553	560	523	532	469	502	465	496	489	512	501	504
0	0	0	0	0	0	0	0	0	0	0	0	0	0	0	519	554	543	552	495	522	467	468	463	464	457	488	481	500	485
493	0	545	0	0	0	0	0	0	0	0	0	0	0	511	518	517	542	483	494	447	466	449	462	455	456	445	480	475	484
492	491	544	539	0	591	0	0	0	0	0	0	0	499	510	473	516	461	482	417	446	443	448	435	454	429	444	441	474	403
419	490	479	538	537	590	589	0	0	0	0	0	487	498	433	472	451	460	377	416	407	442	383	434	423	428	427	440	389	402
418	415	478	477	536	521	588	573	0	569	0	459	486	431	432	421	450	373	376	313	406	353	382	375	422	371	426	379	388	363
333	414	409	476	471	520	515	572	563	568	437	458	425	430	393	420	367	372	277	312	307	352	351	374	365	370	349	378	361	362
332	331	408	405	470	453	514	507	562	413	436	399	424	369	392	359	366	275	276	267	306	305	350	343	364	347	348	339	360	311
301	330	319	404	401	452	439	506	411	412	395	398	345	368	355	358	271	274	245	266	251	304	303	342	325	346	335	338	309	310
300	291	318	297	400	387	438	397	410	391	394	341	344	327	354	263	270	237	244	235	250	243	302	295	324	287	334	299	308	293
201	290	281	296	269	386	381	396	385	390	337	340	323	326	261	262	231	236	221	234	217	242	213	294	285	286	283	298	289	292
200	169	280	249	268	255	380	357	384	329	336	317	322	259	260	229	230	211	220	215	216	195	212	193	284	253	282	273	288	265
167	168	165	248	239	254	247	356	321	328	315	316	241	258	205	228	207	210	209	214	191	194	187	192	153	252	219	272	257	264
166	155	164	149	238	225	246	227	320	279	314	233	240	159	204	189	206	197	208	183	190	179	186	137	152	143	218	203	256	223
139	154	135	148	145	224	175	226	173	278	199	232	121	158	157	188	185	196	181	182	133	178	129	136	119	142	123	202	171	222
138	85	134	131	144	127	174	163	172	161	198	95	120	105	156	151	184	177	180	111	132	125	128	101	118	117	122	109	170	93
59	84	69	130	115	126	113	162	147	160	67	94	75	104	97	150	141	176	99	110	81	124	91	100	83	116	107	108	87	92
58	49	68	65	114	61	112	103	146	47	66	63	74	51	96	53	140	89	98	73	80	77	90	79	82	55	106	71	86	57
33	48	38	64	36	60	34	102	45	46	37	62	32	50	31	52	35	88	42	72	44	76	43	78	40	54	39	70	41	56
14	24	23	10	30	28	20	22	13	5	6	4	19	9	27	21	25	3	16	12	26	11	15	29	7	17	8	2	1	18
