0	0	0	0	0	0	0	0	0	0	0	0	0	0	0	0	0	0	0	0	0	0	0	0	0	0	0	0	0	0	0	0	0	0	0	0	0	0	0	0	0	0	0	0	0	0	0	0	0	0
0	0	0	0	0	0	0	0	0	0	0	0	0	0	0	0	0	0	0	0	0	0	0	0	0	0	0	0	0	0	0	0	0	0	0	0	0	0	0	0	0	0	0	0	0	0	0	0	0	0
0	0	0	0	0	0	0	0	0	0	0	0	0	0	0	0	0	0	0	0	0	0	0	0	0	0	0	0	0	0	0	0	0	0	1163	0	0	0	0	0	0	0	0	0	0	0	0	0	0	0
0	0	0	0	0	0	0	0	0	0	0	0	0	0	0	0	0	0	0	0	0	0	0	0	0	0	0	0	0	1147	0	1155	0	1141	1162	1139	0	0	0	0	0	0	0	0	0	0	0	0	0	0
0	0	0	0	0	0	0	0	0	0	0	0	0	0	0	0	0	0	0	0	0	0	0	0	0	0	0	0	1121	1146	1125	1154	1113	1140	1115	1138	1109	0	0	0	0	0	0	0	0	0	0	0	0	0
0	0	0	0	0	0	0	0	0	0	0	0	0	0	0	0	0	0	0	0	0	0	0	0	0	0	0	1095	1120	1119	1124	1093	1112	1099	1114	1085	1108	1053	0	0	0	0	0	0	0	0	0	0	0	0
1157	0	0	0	0	0	0	0	1135	0	1117	0	1161	0	0	0	0	0	0	0	0	0	0	0	0	0	1089	1094	1083	1118	1075	1092	1039	1098	1063	1084	1043	1052	1049	0	0	0	1127	0	1149	0	0	0	0	0
1156	1097	0	1137	0	0	0	1025	1134	1103	1116	1087	1160	1143	0	0	0	0	0	0	0	0	0	0	0	1073	1088	1079	1082	1057	1074	1027	1038	1001	1062	1017	1042	1023	1048	1015	0	1123	1126	1107	1148	1133	0	1101	0	1159
1021	1096	1065	1136	1131	0	883	1024	1019	1102	1059	1086	1077	1142	1111	0	0	0	0	0	0	0	0	0	1071	1072	1055	1078	1007	1056	1011	1026	983	1000	993	1016	975	1022	951	1014	999	1122	1081	1106	1105	1132	1069	1100	1091	1158
1020	987	1064	1051	1130	879	882	875	1018	995	1058	989	1076	1041	1110	1029	0	1151	0	1145	0	1153	0	1037	1070	1031	1054	997	1006	1003	1010	925	982	965	992	973	974	943	950	947	998	985	1080	1047	1104	1061	1068	1067	1090	969
963	986	971	1050	867	878	869	874	865	994	977	988	981	1040	1005	1028	957	1150	1129	1144	959	1152	1009	1036	1013	1030	979	996	991	1002	881	924	897	964	949	972	917	942	937	946	893	984	953	1046	1045	1060	1035	1066	967	968
962	955	970	859	866	863	868	855	864	813	976	907	980	935	1004	913	956	921	1128	919	958	945	1008	939	1012	961	978	927	990	853	880	871	896	891	948	915	916	911	936	789	892	861	952	931	1044	1033	1034	941	966	779
847	954	815	858	825	862	831	854	807	812	785	906	903	934	905	912	885	920	901	918	851	944	933	938	887	960	909	926	837	852	829	870	849	890	889	914	873	910	783	788	753	860	805	930	929	1032	923	940	767	778
846	811	814	763	824	803	830	791	806	775	784	759	902	895	904	845	884	877	900	833	850	843	932	857	886	797	908	823	836	821	828	799	848	839	888	841	872	781	782	745	752	739	804	801	928	899	922	755	766	733
777	810	761	762	747	802	725	790	749	774	693	758	737	894	835	844	757	876	809	832	827	842	819	856	795	796	771	822	817	820	735	798	713	838	741	840	769	780	657	744	727	738	663	800	793	898	719	754	715	732
776	729	760	665	746	721	724	723	748	689	692	691	736	703	834	743	756	711	808	773	826	787	818	751	794	765	770	707	816	731	734	701	712	679	740	709	768	589	656	655	726	643	662	647	792	687	718	675	714	705
595	728	653	664	633	720	631	722	571	688	635	690	645	702	671	742	685	710	697	772	717	786	677	750	699	764	639	706	681	730	695	700	625	678	573	708	545	588	579	654	601	642	603	646	617	686	673	674	661	704
594	577	652	621	632	619	630	533	570	567	634	581	644	555	670	667	684	683	696	641	716	649	676	659	698	605	638	575	680	669	694	613	624	527	572	503	544	515	578	511	600	599	602	597	616	611	672	609	660	627
565	576	563	620	607	618	487	532	525	566	557	580	551	554	519	666	651	682	629	640	623	648	637	658	561	604	479	574	509	668	497	612	501	526	493	502	459	514	505	510	489	598	553	596	593	610	587	608	591	626
564	521	562	543	606	419	486	473	524	523	556	547	550	483	518	451	650	583	628	549	622	615	636	559	560	477	478	469	508	495	496	437	500	465	492	447	458	401	504	439	488	475	552	537	592	585	586	535	590	569
449	520	517	542	397	418	413	472	471	522	499	546	481	482	421	450	435	582	541	548	467	614	539	558	429	476	461	468	457	494	417	436	433	464	445	446	355	400	387	438	423	474	455	536	531	584	529	534	507	568
448	409	516	395	396	393	412	383	470	371	498	431	480	353	420	405	434	415	540	411	466	463	538	425	428	333	460	453	456	379	416	391	432	427	444	337	354	323	386	357	422	399	454	443	530	513	528	491	506	373
363	408	389	394	377	392	315	382	365	370	311	430	331	352	313	404	349	414	407	410	375	462	367	424	327	332	329	452	359	378	347	390	385	426	335	336	295	322	269	356	297	398	381	442	441	512	485	490	351	372
362	325	388	361	376	249	314	307	364	305	310	223	330	261	312	303	348	341	406	369	374	253	366	281	326	245	328	321	358	343	346	319	384	291	334	289	294	257	268	243	296	283	380	345	440	403	484	299	350	301
309	324	317	360	221	248	231	306	273	304	217	222	213	260	255	302	279	340	267	368	219	252	171	280	239	244	179	320	277	342	293	318	235	290	247	288	233	256	241	242	167	282	259	344	339	402	271	298	287	300
308	275	316	207	220	189	230	205	272	211	216	199	212	209	254	237	278	191	266	215	218	133	170	169	238	151	178	157	276	227	292	229	234	197	246	177	232	183	240	153	166	163	258	185	338	265	270	251	286	285
263	274	155	206	113	188	159	204	115	210	187	198	193	208	131	236	181	190	143	214	105	132	129	168	109	150	145	156	149	226	173	228	195	196	135	176	175	182	139	152	121	162	161	184	147	264	203	250	225	284
262	137	154	103	112	81	158	79	114	91	186	127	192	87	130	125	180	99	142	95	104	101	128	85	108	107	144	119	148	93	172	165	194	117	134	123	174	111	138	83	120	97	160	141	146	89	202	201	224	77
75	136	61	102	63	80	67	78	52	90	56	126	66	86	68	124	74	98	54	94	62	100	55	84	57	106	71	118	73	92	59	164	70	116	60	122	53	110	64	82	69	96	72	140	65	88	51	200	58	76
46	43	22	15	8	17	2	10	50	12	32	18	6	37	16	23	29	31	7	27	1	39	28	21	42	45	40	24	34	44	35	41	49	25	48	4	20	5	26	13	36	38	9	19	3	33	30	11	47	14
