0	0	0	0	0	0	0	0	0	0	0	0	0	0	0	0	0	0	0	0
0	0	0	0	0	0	0	0	0	0	0	0	0	0	0	0	0	0	0	0
302	0	0	0	0	0	0	0	0	0	0	0	0	0	0	0	0	0	0	0
301	290	0	0	0	0	0	0	0	0	0	0	0	0	0	0	0	0	0	0
274	289	288	0	0	0	0	0	0	0	294	0	0	0	284	0	300	0	298	0
273	254	287	272	0	0	0	0	0	292	293	278	0	276	283	280	299	282	297	230
246	253	252	271	264	0	296	0	286	291	266	277	242	275	270	279	260	281	226	229
245	232	251	250	263	262	295	268	285	258	265	240	241	238	269	256	259	198	225	202
228	231	222	249	236	261	248	267	244	257	210	239	234	237	212	255	192	197	180	201
227	216	221	220	235	224	247	218	243	208	209	200	233	184	211	186	191	174	179	152
168	215	196	219	206	223	214	217	204	207	190	199	182	183	178	185	162	173	140	151
167	148	195	160	205	188	213	194	203	172	189	176	181	166	177	158	161	128	139	112
134	147	138	159	154	187	170	193	144	171	146	175	164	165	156	157	120	127	110	111
133	132	137	124	153	150	169	130	143	142	145	136	163	126	155	100	119	106	109	92
118	131	122	123	104	149	108	129	84	141	116	135	98	125	88	99	94	105	76	91
117	114	121	78	103	102	107	82	83	80	115	90	97	86	87	70	93	60	75	72
96	113	68	77	66	101	54	81	74	79	58	89	64	85	62	69	52	59	56	71
95	46	67	34	65	32	53	44	73	48	57	38	63	42	61	50	51	36	55	40
26	45	30	33	28	31	23	43	21	47	25	37	24	41	29	49	22	35	27	39
15	10	4	3	5	8	7	12	6	19	20	13	16	11	18	14	17	9	1	2
