0,   0,   0,   0,   0,   0,   0,   0,   0,   0,   0,   0,   0,   0,   0,   0,   0,  0,   0,  0,   0,   0,  0,  0,  0,  0,  0,  0,   0,   0,   0,   0,   0,   0,   0,   0,   0,   0,   0,   0,   0,   0,   0,  0,  0,   0,   0,   0,   0,   0
0,   0,   0,   0,   0,   0,   0,   0,   0,   0,   0,   0,   0,   0,   0,   0,   0,  0,   0,  0,   0,   0,  0,  0,  0,  0,  0,  0,   0,   0,   0,   0,   0,   0,   0,   0,   0,   0,   0,   0,   0,   0,   0,  0,  0,   0,   0,   0,   0,   0
0,   0,   0,   0,   0,   0,   0,   0,   0,   0,   0,   0,   0,   0,   0,   0,   0,  0,   0,  0,   0,   0,  0,  0,  0,  0,  0,  0,   0,   0,   0,   0,   0,   0,   0,   0,   207, 0,   0,   0,   0,   0,   0,  0,  0,   0,   0,   0,   0,   0
0,   0,   0,   0,   0,   0,   0,   0,   0,   0,   0,   0,   0,   0,   0,   0,   0,  0,   0,  0,   0,   0,  0,  0,  0,  0,  0,  0,   0,   0,   0,   0,   0,   0,   0,   193, 206, 205, 0,   0,   0,   0,   0,  0,  0,   0,   0,   0,   0,   0
0,   0,   0,   0,   0,   0,   175, 0,   0,   0,   0,   0,   0,   0,   0,   0,   0,  0,   0,  0,   0,   0,  0,  0,  0,  0,  0,  0,   0,   0,   0,   0,   0,   0,   191, 192, 183, 204, 197, 0,   0,   0,   0,  0,  0,   0,   0,   0,   181, 0
0,   0,   0,   187, 0,   173, 174, 165, 0,   203, 0,   0,   0,   0,   0,   0,   0,  0,   0,  0,   0,   0,  0,  0,  0,  0,  0,  0,   0,   201, 0,   135, 166, 163, 190, 161, 182, 153, 196, 151, 0,   0,   0,  0,  0,   0,   0,   177, 180, 147
195, 0,   179, 186, 171, 172, 141, 164, 107, 202, 145, 0,   185, 0,   189, 0,   0,  0,   0,  0,   159, 0,  0,  0,  0,  0,  0,  0,   199, 200, 125, 134, 115, 162, 143, 160, 121, 152, 149, 150, 139, 168, 0,  0,  0,   0,   123, 176, 109, 146
194, 157, 178, 91,  170, 129, 140, 95,  106, 97,  144, 113, 184, 131, 188, 119, 0,  0,   0,  155, 158, 81, 0,  0,  0,  0,  0,  137, 198, 103, 124, 93,  114, 89,  142, 105, 120, 79,  148, 127, 138, 77,  98, 85, 132, 117, 122, 87,  108, 101
61,  156, 73,  90,  72,  128, 69,  94,  65,  96,  64,  112, 70,  130, 66,  118, 59, 110, 75, 154, 71,  80, 53, 0,  63, 82, 74, 136, 56,  102, 54,  92,  58,  88,  57,  104, 60,  78,  52,  126, 67,  76,  51, 84, 68,  116, 62,  86,  55,  100
5,   7,   26,  12,  33,  23,  25,  16,  18,  41,  15,  32,  39,  45,  1,   35,  4,  14,  28, 3,   22,  47, 9,  29, 34, 17, 19, 31,  36,  21,  8,   6,   43,  2,   11,  37,  24,  38,  27,  49,  30,  48,  20, 42, 40,  50,  46,  13,  44,  10
