0,   0,   0,   0,   0,   0,   0,   0,   0,   0,   0,   0,   0,   0,   0,   0,   0,   0,   0,   0,   0,   0,   0,   0,   0,   0,   0,   0,   0,   0,   0,   0,   0,   0,   0,   0,   0,   0,   0,   0,   0,   0,   0,   0,   0,   0,   0,   0,   0,   0,   0,   0,   0,   0,   0,   0,   0,   0,   0,   0,   0,   0,   0,   0,   0,   0,   0,   0,   0,   0,   0,   0,   0,   0,   0,   0,   0,   0,   0,   0,   0,   0,   0,   0,   0,   0,   0,   0,   0,   0,   0,   0,   0,   0,   0,   0,   0,   0,   0,   0
0,   0,   0,   0,   0,   0,   0,   0,   0,   0,   0,   0,   0,   0,   0,   0,   0,   0,   0,   0,   0,   0,   0,   0,   0,   0,   0,   0,   0,   0,   0,   0,   0,   0,   0,   0,   0,   0,   0,   0,   0,   0,   0,   0,   0,   0,   0,   0,   0,   0,   0,   0,   0,   0,   0,   0,   0,   0,   0,   0,   0,   0,   0,   0,   0,   0,   0,   0,   0,   0,   0,   0,   0,   0,   0,   0,   0,   0,   0,   0,   0,   0,   0,   0,   0,   0,   0,   0,   0,   0,   0,   0,   0,   0,   0,   0,   0,   0,   0,   0
0,   0,   0,   0,   0,   0,   0,   0,   0,   0,   0,   0,   0,   0,   0,   0,   0,   0,   0,   0,   0,   0,   0,   0,   0,   0,   0,   0,   0,   0,   0,   0,   0,   0,   0,   0,   0,   0,   0,   0,   0,   0,   0,   0,   0,   0,   0,   0,   0,   0,   486, 0,   0,   0,   0,   0,   0,   0,   0,   0,   0,   0,   0,   0,   0,   0,   0,   0,   0,   0,   0,   0,   0,   0,   0,   0,   0,   0,   0,   0,   0,   0,   0,   0,   505, 0,   0,   0,   0,   0,   0,   0,   0,   0,   0,   0,   0,   0,   0,   0
0,   0,   0,   0,   0,   0,   0,   0,   0,   0,   0,   0,   0,   0,   0,   0,   0,   0,   0,   0,   0,   0,   0,   0,   0,   0,   0,   0,   0,   0,   0,   0,   0,   0,   0,   0,   0,   0,   0,   0,   0,   0,   0,   0,   0,   0,   0,   0,   0,   0,   486, 0,   0,   0,   0,   0,   0,   0,   0,   0,   0,   0,   0,   0,   0,   0,   0,   0,   0,   0,   0,   0,   0,   0,   0,   0,   0,   0,   0,   0,   0,   0,   0,   505, 505, 0,   0,   0,   0,   0,   0,   0,   0,   0,   0,   0,   0,   0,   0,   0
0,   0,   0,   0,   0,   0,   0,   0,   0,   0,   0,   0,   0,   0,   0,   0,   0,   0,   0,   0,   0,   0,   0,   0,   0,   0,   0,   0,   0,   0,   0,   0,   0,   0,   0,   0,   0,   0,   0,   0,   0,   0,   0,   0,   500, 500, 500, 500, 0,   486, 486, 0,   0,   0,   0,   0,   0,   0,   0,   0,   0,   0,   0,   0,   0,   0,   0,   0,   0,   0,   0,   0,   0,   0,   0,   0,   0,   0,   0,   0,   0,   0,   491, 491, 505, 0,   0,   0,   0,   0,   0,   0,   0,   0,   490, 0,   0,   0,   0,   0
0,   0,   0,   0,   0,   0,   0,   0,   0,   0,   0,   0,   0,   0,   0,   0,   0,   0,   0,   0,   0,   0,   0,   0,   0,   0,   0,   0,   0,   0,   0,   0,   0,   0,   0,   0,   0,   0,   0,   0,   0,   0,   0,   0,   0,   0,   0,   467, 0,   485, 0,   0,   0,   0,   0,   0,   0,   0,   0,   0,   0,   0,   0,   0,   0,   0,   0,   0,   0,   0,   0,   0,   0,   0,   0,   0,   0,   0,   0,   0,   0,   0,   0,   491, 491, 0,   0,   0,   0,   0,   0,   0,   0,   490, 490, 490, 0,   0,   0,   0
0,   0,   0,   0,   0,   0,   0,   0,   0,   0,   0,   0,   0,   0,   0,   0,   0,   0,   0,   0,   0,   0,   0,   0,   0,   0,   0,   0,   0,   0,   0,   0,   0,   0,   0,   0,   0,   0,   0,   0,   0,   0,   0,   0,   0,   0,   0,   467, 0,   485, 485, 0,   0,   0,   0,   0,   0,   0,   0,   0,   0,   0,   0,   0,   0,   0,   0,   0,   0,   0,   0,   0,   0,   0,   0,   0,   0,   0,   0,   0,   0,   0,   0,   0,   478, 478, 478, 414, 0,   0,   0,   475, 475, 468, 468, 0,   0,   0,   0,   0
0,   0,   0,   0,   0,   0,   0,   0,   0,   0,   0,   0,   0,   0,   0,   0,   0,   0,   0,   0,   0,   0,   0,   0,   0,   0,   0,   0,   0,   0,   0,   0,   0,   0,   0,   507, 507, 0,   0,   0,   0,   0,   0,   0,   0,   0,   0,   467, 467, 470, 485, 0,   0,   0,   0,   0,   0,   0,   0,   0,   0,   0,   0,   0,   0,   0,   0,   0,   0,   0,   0,   0,   0,   0,   0,   0,   0,   0,   0,   0,   0,   0,   0,   0,   0,   478, 414, 414, 414, 0,   475, 475, 468, 468, 0,   0,   0,   0,   0,   0
0,   0,   0,   0,   0,   0,   0,   0,   0,   0,   0,   0,   0,   0,   0,   0,   0,   0,   0,   0,   0,   0,   0,   0,   0,   0,   0,   0,   0,   0,   0,   0,   0,   0,   0,   0,   507, 0,   0,   0,   0,   0,   0,   0,   0,   0,   0,   446, 0,   470, 470, 0,   483, 483, 483, 483, 0,   0,   0,   0,   0,   0,   0,   0,   0,   0,   0,   0,   0,   0,   0,   0,   0,   0,   0,   0,   0,   0,   0,   0,   0,   0,   0,   0,   0,   0,   0,   0,   397, 436, 0,   0,   449, 449, 0,   0,   0,   0,   0,   0
0,   0,   0,   0,   0,   0,   0,   0,   0,   0,   0,   0,   0,   0,   0,   0,   0,   0,   0,   0,   503, 0,   0,   0,   0,   0,   0,   0,   0,   0,   0,   0,   0,   0,   0,   0,   507, 0,   0,   0,   0,   0,   0,   0,   0,   0,   0,   446, 446, 446, 470, 0,   0,   0,   466, 0,   0,   0,   0,   0,   0,   0,   0,   0,   0,   0,   0,   0,   0,   0,   0,   0,   0,   0,   0,   0,   0,   0,   0,   0,   0,   0,   0,   0,   0,   0,   0,   0,   397, 436, 0,   0,   0,   449, 0,   0,   0,   0,   0,   0
0,   0,   0,   0,   0,   0,   0,   0,   0,   0,   0,   0,   0,   0,   0,   0,   0,   0,   0,   0,   503, 0,   0,   0,   0,   0,   0,   0,   0,   0,   0,   0,   0,   0,   0,   480, 480, 0,   0,   0,   0,   0,   0,   0,   0,   0,   0,   439, 0,   0,   0,   0,   0,   0,   466, 0,   0,   0,   0,   0,   0,   0,   0,   0,   0,   0,   0,   0,   0,   0,   0,   0,   0,   0,   0,   0,   0,   0,   0,   0,   0,   0,   0,   0,   0,   0,   0,   0,   397, 436, 0,   0,   419, 449, 0,   0,   0,   0,   0,   0
0,   0,   0,   0,   0,   0,   0,   0,   502, 0,   0,   0,   0,   0,   0,   0,   0,   0,   0,   0,   503, 0,   506, 506, 506, 506, 0,   0,   0,   0,   0,   0,   0,   0,   480, 480, 431, 431, 0,   0,   0,   0,   0,   0,   477, 477, 0,   439, 0,   0,   0,   0,   0,   466, 466, 0,   0,   0,   0,   0,   0,   0,   0,   0,   0,   0,   0,   0,   0,   0,   0,   0,   0,   0,   0,   0,   0,   0,   0,   0,   0,   0,   0,   0,   0,   0,   394, 0,   397, 436, 401, 0,   419, 419, 0,   0,   0,   0,   0,   0
0,   0,   0,   0,   0,   0,   0,   0,   502, 0,   0,   0,   0,   504, 0,   0,   0,   0,   0,   0,   503, 0,   494, 0,   0,   0,   0,   0,   0,   0,   0,   0,   0,   0,   0,   0,   0,   431, 0,   0,   0,   0,   0,   477, 477, 434, 439, 439, 0,   0,   0,   0,   0,   0,   441, 441, 441, 0,   0,   0,   0,   0,   498, 0,   0,   0,   0,   0,   0,   0,   0,   0,   0,   0,   0,   0,   0,   0,   0,   0,   0,   0,   0,   0,   0,   0,   394, 394, 394, 401, 401, 0,   406, 419, 0,   0,   0,   0,   0,   0
0,   0,   0,   0,   0,   0,   0,   502, 502, 0,   0,   0,   0,   504, 0,   0,   0,   0,   0,   0,   492, 494, 494, 494, 0,   0,   0,   0,   0,   0,   0,   0,   0,   0,   0,   429, 0,   431, 0,   0,   0,   0,   464, 464, 0,   434, 438, 438, 438, 438, 0,   0,   0,   0,   0,   441, 0,   0,   0,   497, 498, 498, 498, 0,   0,   0,   0,   0,   0,   0,   508, 0,   0,   0,   0,   0,   0,   0,   0,   0,   0,   0,   0,   0,   0,   0,   392, 392, 0,   401, 0,   406, 406, 406, 0,   0,   0,   0,   0,   0
0,   0,   0,   0,   0,   0,   496, 496, 496, 0,   0,   0,   0,   504, 504, 0,   0,   0,   0,   499, 492, 492, 0,   0,   0,   0,   0,   0,   0,   0,   0,   0,   0,   0,   0,   429, 429, 429, 0,   0,   0,   464, 464, 462, 434, 434, 0,   0,   437, 0,   0,   0,   0,   0,   0,   425, 425, 0,   0,   497, 495, 495, 495, 495, 454, 454, 0,   0,   0,   0,   508, 0,   0,   0,   0,   0,   0,   0,   0,   0,   0,   0,   0,   0,   0,   0,   392, 372, 385, 385, 385, 385, 0,   0,   0,   0,   0,   0,   0,   0
0,   0,   0,   0,   0,   0,   496, 0,   0,   0,   0,   0,   0,   493, 0,   0,   0,   0,   0,   499, 0,   492, 488, 0,   0,   0,   0,   0,   0,   0,   511, 0,   0,   0,   0,   0,   428, 0,   0,   0,   0,   462, 462, 462, 413, 0,   0,   0,   437, 437, 0,   0,   0,   0,   425, 425, 0,   409, 0,   497, 0,   0,   0,   454, 454, 430, 0,   0,   0,   508, 508, 0,   0,   0,   0,   0,   0,   0,   0,   0,   0,   0,   0,   0,   0,   0,   392, 372, 372, 372, 0,   0,   0,   0,   0,   0,   0,   0,   0,   0
0,   0,   0,   0,   0,   0,   476, 476, 476, 0,   0,   0,   0,   493, 474, 0,   0,   0,   0,   499, 0,   488, 488, 473, 473, 473, 0,   0,   0,   0,   511, 511, 0,   0,   0,   0,   428, 428, 407, 0,   460, 460, 460, 460, 413, 413, 0,   0,   402, 437, 0,   0,   0,   0,   0,   391, 0,   409, 0,   0,   0,   0,   0,   452, 430, 430, 0,   0,   0,   0,   463, 0,   0,   0,   0,   0,   0,   0,   0,   0,   0,   0,   0,   0,   0,   0,   0,   0,   0,   366, 366, 0,   0,   0,   0,   0,   0,   0,   0,   0
0,   0,   0,   0,   0,   0,   0,   0,   476, 0,   0,   0,   0,   493, 474, 474, 0,   0,   0,   499, 0,   0,   488, 473, 0,   0,   0,   0,   0,   0,   0,   511, 0,   0,   0,   0,   0,   428, 407, 0,   0,   0,   393, 393, 413, 0,   0,   0,   402, 0,   0,   0,   0,   0,   0,   391, 391, 409, 0,   0,   0,   452, 452, 452, 430, 0,   0,   0,   0,   0,   463, 0,   0,   0,   0,   0,   0,   0,   0,   0,   0,   0,   0,   0,   0,   0,   0,   0,   0,   365, 366, 366, 0,   0,   0,   0,   0,   0,   0,   0
0,   0,   0,   0,   0,   411, 411, 0,   469, 469, 469, 0,   0,   493, 474, 0,   489, 489, 489, 489, 0,   458, 458, 458, 459, 459, 459, 377, 0,   0,   0,   423, 423, 423, 423, 420, 420, 407, 407, 389, 0,   0,   0,   393, 393, 0,   0,   399, 402, 0,   0,   0,   0,   0,   0,   387, 391, 409, 0,   0,   0,   0,   410, 410, 410, 410, 0,   0,   0,   0,   463, 0,   510, 510, 510, 510, 0,   0,   0,   0,   0,   0,   0,   0,   0,   0,   0,   0,   0,   365, 365, 0,   0,   0,   0,   0,   0,   0,   0,   0
0,   0,   0,   0,   0,   404, 411, 411, 469, 0,   457, 0,   0,   455, 455, 455, 455, 0,   0,   0,   0,   0,   458, 451, 450, 450, 459, 377, 0,   0,   422, 0,   0,   0,   420, 420, 0,   0,   389, 389, 0,   0,   0,   0,   379, 361, 399, 399, 402, 0,   0,   0,   0,   0,   0,   387, 387, 387, 0,   0,   0,   0,   0,   0,   0,   357, 0,   0,   0,   0,   463, 0,   465, 465, 0,   0,   0,   0,   0,   0,   0,   0,   0,   0,   0,   0,   0,   0,   0,   365, 0,   0,   0,   0,   0,   0,   0,   0,   0,   0
0,   0,   0,   0,   404, 404, 404, 0,   0,   0,   457, 0,   0,   0,   0,   432, 432, 0,   0,   0,   0,   0,   451, 451, 445, 450, 0,   377, 377, 422, 422, 0,   0,   0,   0,   416, 0,   383, 389, 0,   0,   0,   0,   0,   379, 361, 399, 0,   396, 396, 0,   0,   0,   0,   0,   364, 364, 0,   0,   0,   0,   0,   0,   0,   357, 357, 0,   0,   456, 456, 456, 456, 440, 465, 465, 0,   0,   0,   0,   0,   0,   0,   0,   0,   0,   0,   356, 356, 356, 362, 362, 362, 0,   0,   0,   0,   0,   0,   0,   0
0,   0,   0,   0,   0,   0,   373, 373, 373, 457, 457, 501, 0,   0,   0,   432, 0,   0,   0,   0,   0,   0,   451, 445, 445, 450, 0,   370, 370, 422, 0,   0,   0,   0,   416, 416, 416, 383, 383, 0,   0,   0,   0,   0,   379, 361, 361, 396, 396, 0,   0,   0,   461, 0,   0,   0,   364, 0,   0,   0,   0,   0,   0,   0,   357, 341, 341, 341, 0,   0,   0,   440, 440, 0,   0,   0,   0,   0,   0,   0,   0,   0,   0,   0,   0,   0,   0,   356, 345, 362, 0,   0,   0,   0,   0,   0,   0,   0,   0,   0
0,   0,   0,   0,   0,   0,   373, 0,   337, 337, 0,   501, 501, 0,   427, 432, 0,   0,   0,   0,   0,   0,   0,   445, 0,   0,   0,   0,   370, 370, 0,   0,   0,   0,   408, 0,   0,   0,   383, 0,   363, 0,   0,   0,   379, 358, 358, 358, 358, 0,   0,   0,   461, 461, 0,   0,   364, 0,   0,   487, 472, 0,   0,   0,   0,   0,   341, 0,   435, 435, 435, 435, 440, 0,   0,   0,   0,   0,   0,   0,   0,   0,   0,   0,   0,   0,   0,   0,   345, 345, 0,   0,   0,   0,   0,   0,   0,   0,   0,   0
0,   0,   0,   0,   0,   0,   0,   337, 337, 0,   0,   501, 0,   0,   427, 427, 427, 0,   0,   0,   0,   0,   0,   405, 0,   0,   0,   0,   367, 0,   0,   0,   0,   0,   408, 0,   0,   0,   311, 363, 363, 0,   0,   0,   353, 353, 0,   0,   0,   0,   0,   0,   0,   461, 0,   0,   292, 0,   487, 487, 472, 0,   0,   0,   0,   335, 335, 335, 335, 0,   0,   0,   0,   0,   0,   0,   0,   0,   0,   484, 0,   0,   0,   0,   0,   0,   0,   0,   0,   345, 0,   0,   0,   0,   0,   0,   0,   0,   0,   0
0,   0,   0,   0,   0,   0,   316, 316, 316, 0,   0,   376, 0,   0,   0,   398, 398, 0,   0,   0,   0,   0,   405, 405, 405, 0,   0,   367, 367, 0,   0,   0,   0,   0,   408, 0,   0,   0,   311, 363, 321, 348, 348, 348, 348, 353, 353, 0,   0,   0,   0,   0,   0,   417, 0,   0,   292, 292, 487, 481, 472, 0,   0,   0,   334, 334, 0,   0,   0,   415, 415, 0,   0,   0,   0,   0,   0,   509, 0,   484, 0,   0,   0,   0,   0,   0,   0,   0,   295, 295, 0,   0,   0,   0,   0,   0,   0,   0,   0,   0
0,   0,   0,   0,   0,   0,   316, 0,   0,   0,   376, 376, 376, 0,   0,   0,   398, 398, 0,   0,   0,   0,   351, 0,   0,   0,   0,   367, 0,   0,   0,   0,   0,   0,   408, 0,   0,   0,   311, 0,   321, 321, 0,   0,   0,   0,   0,   0,   0,   0,   0,   0,   0,   417, 417, 0,   292, 481, 481, 481, 472, 0,   0,   0,   0,   334, 334, 0,   0,   390, 415, 415, 0,   0,   0,   0,   0,   509, 0,   484, 484, 0,   0,   0,   0,   0,   0,   299, 0,   295, 0,   0,   0,   0,   0,   0,   0,   0,   0,   0
0,   0,   0,   0,   0,   0,   300, 0,   0,   0,   350, 350, 350, 0,   375, 0,   349, 349, 0,   0,   0,   0,   351, 351, 0,   0,   0,   360, 0,   0,   0,   368, 0,   0,   384, 0,   0,   0,   311, 0,   0,   321, 0,   0,   0,   0,   0,   0,   0,   0,   0,   0,   0,   330, 417, 0,   288, 0,   0,   443, 443, 443, 369, 0,   0,   328, 328, 0,   0,   390, 390, 0,   0,   0,   448, 0,   0,   509, 509, 479, 453, 453, 433, 433, 433, 433, 299, 299, 0,   295, 0,   0,   0,   0,   0,   0,   0,   0,   0,   0
0,   0,   0,   0,   0,   0,   300, 0,   0,   0,   0,   350, 375, 375, 375, 349, 349, 0,   0,   0,   0,   245, 245, 351, 0,   0,   0,   360, 360, 0,   368, 368, 0,   384, 384, 384, 0,   0,   293, 293, 293, 293, 346, 0,   0,   0,   0,   0,   0,   0,   0,   0,   0,   330, 330, 0,   288, 0,   0,   443, 0,   369, 369, 369, 0,   328, 307, 0,   0,   390, 0,   0,   374, 0,   448, 0,   0,   471, 479, 479, 453, 0,   0,   0,   426, 0,   299, 277, 277, 277, 0,   0,   0,   0,   0,   0,   0,   0,   0,   0
0,   0,   0,   0,   0,   0,   300, 300, 0,   283, 0,   326, 326, 354, 354, 327, 327, 0,   0,   0,   0,   0,   245, 0,   0,   421, 0,   360, 325, 0,   368, 344, 344, 344, 344, 0,   0,   0,   0,   264, 264, 264, 346, 346, 346, 0,   0,   0,   0,   0,   0,   0,   0,   0,   330, 288, 288, 0,   0,   0,   380, 0,   352, 265, 265, 328, 307, 307, 296, 296, 296, 374, 374, 0,   448, 0,   0,   471, 471, 479, 453, 0,   0,   426, 426, 0,   0,   277, 0,   0,   0,   0,   0,   0,   0,   0,   0,   0,   0,   0
0,   0,   0,   0,   0,   0,   294, 294, 0,   283, 283, 283, 326, 326, 354, 327, 0,   0,   0,   0,   0,   240, 245, 421, 421, 421, 0,   0,   325, 325, 325, 0,   339, 0,   0,   0,   0,   0,   0,   0,   264, 241, 0,   323, 323, 323, 0,   0,   0,   0,   0,   0,   0,   0,   253, 253, 0,   0,   0,   380, 380, 0,   352, 0,   265, 297, 0,   307, 0,   296, 273, 273, 374, 0,   448, 0,   0,   471, 444, 444, 395, 395, 412, 426, 0,   0,   0,   268, 0,   0,   0,   0,   0,   0,   0,   0,   0,   0,   0,   0
0,   0,   0,   0,   0,   0,   0,   294, 294, 269, 0,   0,   0,   0,   0,   327, 0,   0,   0,   0,   0,   240, 240, 240, 333, 333, 332, 320, 320, 0,   0,   339, 339, 339, 0,   0,   347, 347, 0,   0,   241, 241, 241, 0,   323, 315, 315, 0,   0,   0,   0,   0,   0,   0,   253, 0,   0,   0,   0,   336, 380, 352, 352, 0,   265, 297, 297, 297, 0,   273, 273, 0,   0,   0,   400, 400, 0,   444, 444, 395, 395, 0,   412, 412, 412, 0,   0,   268, 0,   0,   0,   0,   0,   0,   0,   0,   0,   482, 482, 482
0,   0,   0,   0,   0,   0,   0,   0,   269, 269, 0,   0,   0,   0,   0,   322, 0,   0,   0,   0,   0,   226, 226, 226, 332, 332, 332, 298, 320, 320, 0,   0,   324, 324, 0,   0,   0,   347, 225, 225, 225, 0,   0,   0,   0,   0,   315, 315, 0,   0,   0,   0,   234, 234, 253, 0,   0,   0,   0,   336, 336, 336, 0,   0,   258, 258, 272, 272, 272, 272, 257, 0,   0,   0,   0,   400, 400, 0,   0,   0,   386, 0,   0,   281, 0,   0,   0,   268, 0,   0,   0,   0,   0,   0,   0,   0,   0,   0,   0,   482
0,   0,   0,   0,   0,   0,   0,   0,   0,   269, 0,   0,   0,   0,   322, 322, 0,   0,   0,   0,   0,   210, 0,   0,   0,   0,   298, 298, 0,   0,   0,   0,   0,   324, 324, 319, 319, 347, 0,   225, 222, 0,   0,   0,   0,   0,   0,   314, 314, 381, 381, 381, 0,   234, 234, 228, 0,   0,   0,   0,   0,   266, 0,   0,   0,   258, 258, 247, 0,   257, 257, 257, 0,   0,   0,   378, 378, 378, 378, 386, 386, 0,   281, 281, 0,   0,   0,   268, 0,   0,   0,   0,   0,   0,   0,   0,   447, 447, 447, 447
0,   0,   0,   0,   0,   0,   274, 0,   0,   230, 0,   0,   290, 290, 322, 0,   0,   0,   0,   0,   0,   210, 210, 0,   0,   0,   298, 0,   0,   0,   0,   0,   0,   318, 318, 318, 319, 319, 0,   0,   222, 0,   0,   0,   0,   0,   0,   313, 314, 314, 381, 0,   0,   0,   228, 228, 0,   0,   0,   0,   266, 266, 0,   0,   0,   0,   247, 247, 0,   0,   255, 0,   0,   0,   0,   0,   0,   0,   284, 284, 386, 0,   0,   281, 0,   0,   233, 233, 0,   0,   303, 342, 0,   0,   382, 0,   0,   0,   0,   418
0,   0,   0,   0,   0,   0,   274, 243, 243, 230, 259, 259, 259, 290, 282, 282, 0,   0,   0,   0,   0,   0,   210, 0,   0,   0,   276, 0,   0,   0,   0,   0,   0,   0,   318, 0,   0,   0,   0,   0,   222, 0,   0,   0,   0,   0,   0,   313, 313, 304, 359, 0,   0,   0,   0,   228, 0,   0,   0,   0,   266, 262, 0,   0,   0,   0,   247, 0,   0,   0,   255, 255, 0,   0,   0,   0,   0,   0,   0,   284, 284, 0,   0,   279, 0,   0,   0,   233, 233, 0,   303, 342, 0,   0,   382, 0,   0,   418, 418, 418
0,   0,   0,   0,   0,   0,   274, 0,   243, 230, 259, 0,   0,   290, 0,   282, 282, 0,   355, 0,   0,   0,   208, 208, 0,   0,   276, 276, 0,   0,   0,   0,   0,   0,   308, 308, 308, 0,   0,   0,   222, 0,   0,   0,   0,   0,   0,   0,   313, 304, 359, 359, 0,   0,   0,   193, 0,   0,   0,   0,   262, 262, 262, 0,   0,   0,   205, 0,   0,   0,   255, 0,   0,   0,   0,   0,   0,   0,   0,   0,   275, 279, 279, 279, 0,   0,   0,   229, 0,   0,   303, 342, 0,   0,   382, 0,   0,   343, 0,   371
0,   0,   0,   0,   0,   0,   274, 0,   243, 230, 248, 248, 0,   0,   0,   0,   235, 0,   355, 355, 355, 0,   197, 208, 208, 0,   249, 276, 251, 0,   0,   0,   0,   0,   0,   308, 0,   0,   0,   0,   188, 0,   0,   0,   0,   0,   0,   0,   304, 304, 338, 359, 0,   0,   0,   193, 0,   0,   0,   0,   0,   0,   231, 0,   0,   182, 205, 205, 0,   0,   244, 0,   0,   0,   0,   0,   0,   0,   0,   275, 275, 0,   0,   261, 312, 0,   229, 229, 0,   0,   303, 342, 0,   0,   382, 0,   0,   343, 371, 371
0,   0,   0,   0,   0,   0,   218, 221, 221, 221, 0,   248, 248, 0,   0,   235, 235, 0,   317, 0,   329, 0,   197, 0,   0,   0,   249, 0,   251, 251, 0,   0,   305, 305, 305, 305, 0,   0,   188, 188, 188, 0,   0,   0,   0,   0,   0,   0,   338, 338, 338, 0,   224, 0,   0,   193, 0,   0,   0,   0,   214, 231, 231, 0,   0,   182, 205, 0,   0,   160, 244, 244, 0,   0,   0,   0,   0,   0,   0,   275, 0,   0,   261, 261, 312, 312, 0,   229, 0,   0,   287, 287, 0,   0,   285, 285, 0,   343, 343, 371
0,   442, 424, 424, 0,   0,   218, 221, 0,   0,   0,   0,   213, 217, 0,   235, 0,   0,   317, 329, 329, 0,   197, 0,   0,   0,   249, 0,   246, 251, 0,   0,   0,   302, 0,   0,   0,   0,   0,   0,   180, 0,   0,   0,   0,   306, 0,   0,   0,   286, 286, 224, 224, 0,   0,   193, 0,   0,   0,   0,   214, 214, 231, 215, 215, 182, 182, 0,   0,   160, 202, 244, 0,   0,   0,   340, 0,   0,   0,   252, 0,   0,   261, 250, 312, 278, 183, 200, 200, 0,   287, 219, 0,   0,   0,   285, 285, 289, 0,   175
0,   442, 424, 0,   0,   0,   218, 218, 0,   0,   213, 213, 213, 217, 217, 217, 0,   0,   317, 329, 0,   0,   197, 0,   0,   0,   249, 0,   246, 0,   0,   0,   302, 302, 280, 280, 0,   0,   180, 180, 180, 0,   0,   0,   0,   306, 0,   0,   0,   286, 0,   0,   224, 0,   0,   184, 223, 223, 0,   0,   171, 214, 0,   215, 0,   0,   178, 0,   0,   160, 202, 0,   331, 0,   0,   340, 0,   0,   237, 252, 252, 0,   0,   250, 278, 278, 183, 0,   200, 200, 287, 219, 219, 0,   0,   289, 289, 289, 175, 175
0,   442, 424, 0,   0,   0,   203, 203, 0,   0,   0,   0,   206, 206, 206, 206, 0,   0,   317, 260, 0,   155, 155, 0,   187, 187, 187, 187, 246, 0,   0,   291, 302, 280, 280, 0,   0,   0,   0,   172, 172, 172, 0,   0,   0,   306, 0,   0,   0,   201, 0,   209, 209, 209, 209, 184, 184, 223, 223, 171, 171, 0,   0,   215, 0,   178, 178, 0,   0,   160, 202, 0,   331, 331, 0,   340, 0,   0,   237, 252, 0,   0,   0,   250, 278, 183, 183, 0,   0,   149, 149, 149, 219, 388, 0,   271, 271, 271, 175, 0
0,   442, 309, 0,   0,   0,   0,   203, 203, 0,   0,   0,   0,   0,   204, 204, 0,   0,   260, 260, 155, 155, 151, 151, 151, 151, 0,   0,   246, 0,   291, 291, 0,   0,   267, 0,   0,   0,   0,   172, 0,   150, 0,   0,   0,   306, 0,   0,   0,   201, 0,   0,   0,   158, 158, 184, 0,   0,   0,   171, 0,   0,   0,   139, 139, 178, 0,   0,   133, 133, 202, 0,   0,   331, 0,   340, 0,   0,   237, 227, 0,   0,   0,   250, 0,   177, 0,   0,   135, 149, 0,   388, 388, 388, 190, 190, 190, 0,   169, 0
0,   403, 309, 0,   0,   0,   0,   0,   191, 0,   0,   0,   185, 185, 0,   204, 0,   0,   0,   260, 0,   0,   0,   142, 0,   0,   0,   0,   242, 242, 291, 0,   0,   0,   267, 0,   0,   0,   0,   0,   0,   150, 236, 236, 236, 236, 0,   0,   0,   201, 0,   0,   0,   158, 134, 134, 134, 134, 0,   109, 0,   0,   0,   129, 139, 139, 161, 0,   0,   133, 133, 0,   0,   301, 301, 301, 301, 0,   237, 227, 0,   0,   0,   130, 130, 177, 0,   0,   135, 135, 0,   0,   0,   153, 190, 0,   0,   169, 169, 0
0,   403, 309, 309, 0,   0,   0,   0,   191, 0,   0,   179, 0,   185, 0,   204, 198, 198, 198, 198, 0,   0,   0,   142, 0,   0,   0,   0,   242, 238, 238, 270, 0,   0,   267, 0,   0,   0,   0,   0,   0,   150, 0,   220, 232, 0,   0,   0,   0,   201, 0,   0,   0,   158, 123, 0,   0,   0,   0,   109, 0,   138, 0,   129, 0,   0,   161, 161, 0,   0,   126, 0,   0,   0,   0,   212, 212, 0,   227, 227, 0,   0,   130, 130, 0,   177, 0,   0,   0,   135, 0,   0,   0,   153, 153, 0,   0,   169, 0,   0
0,   403, 263, 263, 263, 263, 0,   0,   191, 0,   0,   179, 179, 185, 0,   170, 189, 0,   0,   0,   0,   0,   0,   142, 0,   0,   0,   0,   242, 0,   238, 270, 270, 0,   267, 0,   0,   0,   0,   0,   0,   150, 220, 220, 232, 232, 310, 310, 194, 194, 176, 0,   0,   123, 123, 0,   0,   0,   0,   138, 138, 138, 129, 129, 0,   0,   0,   161, 0,   0,   126, 0,   0,   0,   212, 212, 195, 195, 195, 0,   0,   0,   0,   108, 0,   177, 0,   0,   0,   121, 0,   0,   0,   153, 144, 144, 144, 144, 0,   0
239, 403, 0,   0,   0,   256, 0,   0,   191, 0,   0,   0,   179, 174, 0,   170, 189, 189, 189, 0,   0,   0,   0,   142, 0,   0,   0,   0,   0,   0,   238, 270, 254, 254, 254, 254, 0,   0,   0,   0,   0,   147, 173, 220, 207, 232, 310, 0,   194, 176, 176, 0,   0,   123, 87,  0,   0,   0,   0,   109, 114, 114, 114, 114, 0,   0,   0,   127, 127, 0,   126, 0,   0,   0,   0,   165, 0,   0,   195, 0,   141, 0,   0,   108, 0,   162, 0,   0,   0,   121, 0,   0,   0,   140, 140, 0,   116, 0,   0,   0
239, 239, 239, 0,   256, 256, 0,   0,   164, 0,   0,   0,   174, 174, 0,   170, 170, 0,   0,   0,   0,   0,   0,   118, 0,   0,   0,   0,   0,   216, 216, 216, 216, 0,   0,   0,   0,   0,   0,   143, 147, 147, 173, 0,   207, 0,   310, 0,   194, 0,   176, 0,   0,   0,   87,  0,   0,   0,   0,   94,  94,  0,   104, 104, 91,  91,  0,   0,   127, 127, 126, 0,   0,   0,   186, 165, 165, 0,   117, 0,   141, 0,   108, 108, 0,   162, 0,   0,   0,   121, 0,   0,   0,   0,   140, 140, 116, 0,   0,   0
0,   0,   181, 0,   256, 0,   0,   0,   164, 0,   0,   0,   174, 157, 0,   167, 0,   0,   0,   0,   0,   0,   0,   118, 118, 118, 0,   0,   0,   0,   0,   211, 0,   0,   0,   103, 103, 103, 103, 143, 147, 0,   173, 207, 207, 0,   196, 0,   0,   0,   148, 148, 0,   87,  87,  0,   0,   0,   0,   94,  0,   104, 104, 65,  65,  91,  91,  0,   110, 110, 110, 0,   0,   0,   186, 0,   165, 145, 117, 117, 141, 0,   90,  0,   0,   162, 0,   0,   0,   121, 0,   0,   0,   0,   0,   116, 116, 131, 0,   0
0,   0,   181, 0,   163, 163, 163, 163, 164, 0,   0,   0,   157, 157, 167, 167, 0,   0,   0,   0,   0,   100, 101, 101, 0,   0,   0,   0,   0,   0,   0,   211, 0,   0,   0,   0,   0,   0,   89,  143, 143, 0,   173, 166, 0,   0,   196, 0,   0,   148, 148, 0,   0,   63,  0,   0,   0,   0,   0,   94,  0,   0,   65,  65,  0,   0,   0,   0,   110, 83,  0,   0,   0,   186, 186, 0,   145, 145, 117, 111, 141, 90,  90,  0,   0,   162, 122, 112, 0,   106, 106, 106, 0,   0,   99,  99,  0,   131, 0,   0
0,   0,   181, 181, 0,   0,   154, 0,   164, 136, 0,   0,   157, 98,  167, 0,   152, 168, 168, 168, 100, 100, 100, 101, 101, 0,   0,   0,   0,   0,   0,   211, 211, 0,   0,   0,   0,   0,   89,  89,  0,   0,   166, 166, 0,   196, 196, 0,   113, 113, 113, 0,   0,   63,  0,   0,   0,   0,   79,  79,  79,  79,  0,   42,  0,   0,   0,   0,   83,  83,  0,   0,   0,   156, 0,   0,   132, 145, 111, 111, 111, 90,  46,  46,  0,   122, 122, 112, 0,   0,   105, 106, 0,   0,   0,   99,  0,   131, 0,   0
0,   0,   128, 0,   0,   154, 154, 0,   159, 136, 0,   0,   0,   98,  98,  0,   152, 152, 168, 0,   93,  0,   0,   0,   0,   0,   0,   0,   0,   0,   124, 124, 124, 124, 0,   0,   84,  84,  89,  0,   0,   0,   166, 0,   192, 192, 192, 192, 78,  113, 0,   0,   0,   63,  0,   0,   71,  0,   76,  0,   0,   0,   0,   42,  0,   0,   52,  0,   0,   83,  0,   0,   0,   156, 0,   0,   132, 132, 0,   85,  0,   0,   46,  0,   0,   122, 112, 112, 0,   105, 105, 105, 0,   0,   86,  99,  0,   131, 0,   0
0,   0,   128, 128, 128, 154, 0,   159, 159, 136, 0,   0,   0,   98,  96,  96,  152, 0,   0,   93,  93,  93,  0,   0,   0,   0,   0,   0,   0,   0,   0,   77,  77,  77,  0,   0,   22,  84,  84,  0,   0,   0,   95,  0,   0,   0,   0,   78,  78,  0,   0,   0,   58,  63,  0,   0,   71,  76,  76,  73,  73,  0,   42,  42,  0,   0,   52,  0,   0,   40,  40,  0,   199, 156, 107, 107, 107, 132, 0,   85,  85,  0,   46,  0,   0,   0,   80,  80,  80,  80,  0,   0,   0,   86,  86,  86,  81,  81,  0,   0
0,   0,   0,   125, 0,   59,  0,   0,   159, 136, 0,   0,   0,   0,   43,  96,  96,  88,  88,  88,  0,   0,   0,   0,   0,   115, 115, 0,   0,   0,   0,   77,  0,   0,   0,   0,   22,  22,  75,  0,   0,   0,   95,  0,   0,   0,   0,   78,  62,  62,  62,  0,   58,  58,  58,  71,  71,  76,  73,  73,  34,  34,  34,  0,   0,   0,   52,  0,   0,   0,   199, 199, 199, 156, 0,   0,   107, 0,   0,   0,   85,  0,   27,  27,  27,  0,   0,   56,  56,  36,  67,  67,  0,   0,   0,   81,  81,  0,   0,   0
0,   0,   0,   125, 59,  59,  0,   0,   119, 119, 0,   137, 0,   0,   43,  0,   0,   0,   88,  0,   0,   0,   0,   0,   0,   0,   115, 115, 72,  0,   0,   70,  0,   0,   0,   0,   22,  0,   75,  75,  0,   0,   95,  0,   0,   0,   0,   0,   0,   62,  0,   0,   0,   57,  57,  57,  0,   0,   0,   0,   0,   0,   34,  0,   0,   0,   52,  0,   0,   0,   38,  0,   102, 102, 102, 0,   68,  120, 0,   0,   60,  0,   21,  27,  0,   0,   56,  56,  36,  36,  36,  67,  0,   0,   0,   0,   64,  0,   0,   0
0,   0,   125, 125, 59,  0,   0,   0,   0,   119, 0,   137, 146, 0,   43,  0,   0,   66,  66,  0,   0,   0,   0,   0,   0,   0,   0,   72,  72,  0,   0,   70,  0,   0,   0,   0,   10,  0,   75,  0,   0,   0,   95,  0,   0,   0,   0,   0,   48,  48,  48,  0,   0,   0,   41,  57,  0,   0,   0,   0,   0,   24,  24,  24,  50,  50,  50,  0,   0,   0,   38,  0,   0,   0,   102, 68,  68,  120, 0,   0,   60,  60,  21,  0,   0,   0,   30,  30,  30,  30,  0,   67,  0,   0,   45,  64,  64,  0,   0,   0
0,   0,   69,  69,  25,  0,   0,   0,   0,   119, 137, 137, 146, 0,   43,  3,   66,  66,  53,  0,   0,   82,  0,   0,   0,   0,   0,   0,   72,  0,   0,   70,  70,  0,   0,   0,   10,  10,  10,  0,   0,   0,   74,  0,   0,   0,   0,   0,   48,  0,   31,  0,   0,   0,   41,  0,   0,   0,   0,   0,   0,   0,   24,  0,   50,  0,   0,   0,   32,  38,  38,  0,   0,   55,  55,  68,  0,   120, 0,   0,   60,  21,  21,  0,   0,   28,  28,  28,  0,   0,   0,   0,   0,   0,   45,  45,  64,  0,   0,   0
0,   69,  69,  25,  25,  0,   0,   0,   97,  97,  97,  0,   146, 0,   3,   3,   0,   0,   53,  53,  82,  82,  0,   0,   0,   0,   33,  33,  33,  0,   0,   0,   39,  0,   0,   0,   0,   0,   6,   0,   0,   74,  74,  0,   0,   0,   0,   0,   0,   0,   31,  31,  31,  41,  41,  0,   49,  0,   0,   0,   0,   19,  19,  19,  19,  0,   0,   0,   32,  32,  0,   0,   0,   7,   55,  55,  0,   120, 0,   0,   0,   0,   8,   0,   0,   28,  0,   0,   0,   0,   0,   0,   0,   0,   0,   45,  0,   0,   0,   0
0,   0,   0,   0,   25,  0,   0,   0,   0,   54,  97,  15,  146, 0,   3,   0,   0,   0,   0,   53,  82,  0,   37,  37,  0,   0,   33,  0,   26,  0,   0,   0,   39,  0,   0,   0,   0,   0,   6,   0,   0,   74,  44,  0,   0,   0,   0,   0,   0,   0,   12,  0,   23,  23,  0,   0,   49,  0,   0,   0,   0,   14,  14,  14,  0,   29,  29,  18,  18,  32,  20,  20,  20,  7,   47,  0,   0,   16,  16,  16,  0,   0,   8,   0,   0,   17,  17,  17,  17,  0,   0,   0,   0,   0,   0,   35,  0,   0,   0,   0
0,   0,   0,   11,  11,  11,  0,   0,   0,   54,  0,   15,  15,  0,   1,   1,   1,   0,   0,   51,  51,  51,  0,   37,  37,  0,   0,   0,   26,  26,  0,   0,   39,  0,   0,   0,   0,   0,   6,   0,   0,   0,   44,  92,  92,  92,  61,  0,   0,   0,   12,  12,  23,  0,   0,   0,   49,  0,   0,   0,   0,   14,  4,   0,   0,   29,  0,   0,   18,  0,   20,  5,   0,   7,   47,  47,  47,  13,  0,   16,  0,   0,   8,   0,   0,   0,   0,   0,   9,   0,   0,   0,   0,   0,   0,   35,  0,   0,   0,   0
0,   0,   0,   0,   11,  0,   0,   0,   54,  54,  0,   15,  0,   0,   0,   0,   1,   0,   0,   0,   0,   51,  0,   2,   2,   2,   2,   0,   0,   26,  0,   0,   39,  0,   0,   0,   0,   0,   6,   0,   0,   0,   44,  44,  92,  61,  61,  61,  0,   0,   0,   12,  23,  0,   0,   0,   49,  0,   0,   0,   0,   0,   4,   4,   4,   29,  0,   0,   18,  0,   5,   5,   5,   7,   0,   0,   13,  13,  13,  0,   0,   0,   8,   0,   0,   0,   0,   9,   9,   9,   0,   0,   0,   0,   35,  35,  0,   0,   0,   0
