0, 0, 0,  0,  0,  0,  0,  0,  0, 0, 0, 0, 0,  0,  0, 0, 0,  0,  0,  0, 0,  0,  0,  0,  0, 0, 0, 0, 0, 0, 0, 0,  0,  0,  0,  0,  0,  0,  0, 0, 0, 0, 0,  0,  0,  0,  0,  0,  0,  0,  0,  0,  0, 0, 0,  0,  0, 0, 0, 0,  0, 0, 0,  0,  0,  0, 0, 0, 0, 0, 0, 0, 0,  0,  0,  0,  0,  0, 0, 0,  0,  0, 0, 0, 0, 0, 0, 0, 0,  0,  0, 0, 0,  0,  0,  0, 0,  0,  0,  0
0, 0, 0,  0,  0,  0,  0,  0,  0, 0, 0, 0, 0,  0,  0, 0, 0,  0,  0,  0, 0,  0,  0,  0,  0, 0, 0, 0, 0, 0, 0, 0,  0,  0,  0,  0,  0,  0,  0, 0, 0, 0, 0,  0,  0,  0,  0,  0,  0,  0,  0,  0,  0, 0, 0,  0,  0, 0, 0, 0,  0, 0, 0,  0,  0,  0, 0, 0, 0, 0, 0, 0, 0,  0,  0,  0,  0,  0, 0, 0,  0,  0, 0, 0, 0, 0, 0, 0, 0,  0,  0, 0, 0,  0,  0,  0, 0,  0,  0,  0
0, 0, 0,  0,  0,  0,  0,  0,  0, 0, 0, 0, 0,  0,  0, 0, 0,  0,  0,  0, 0,  0,  0,  0,  0, 0, 0, 0, 0, 0, 0, 0,  0,  0,  0,  0,  0,  0,  0, 0, 0, 0, 0,  0,  0,  0,  0,  0,  0,  0,  0,  0,  0, 0, 0,  0,  0, 0, 0, 0,  0, 0, 0,  0,  0,  0, 0, 0, 0, 0, 0, 0, 0,  0,  0,  0,  0,  0, 0, 0,  0,  0, 0, 0, 0, 0, 0, 0, 0,  0,  0, 0, 0,  0,  0,  0, 0,  0,  0,  0
0, 0, 0,  0,  0,  0,  0,  0,  0, 0, 0, 0, 0,  0,  0, 0, 0,  0,  0,  0, 0,  0,  0,  0,  0, 0, 0, 0, 0, 0, 0, 0,  0,  0,  0,  0,  0,  0,  0, 0, 0, 0, 0,  0,  0,  0,  0,  0,  0,  0,  0,  0,  0, 0, 0,  0,  0, 0, 0, 0,  0, 0, 0,  0,  0,  0, 0, 0, 0, 0, 0, 0, 0,  0,  0,  0,  0,  0, 0, 0,  0,  0, 0, 0, 0, 0, 0, 0, 0,  0,  0, 0, 0,  0,  0,  0, 0,  0,  0,  0
0, 0, 0,  0,  0,  0,  0,  0,  0, 0, 0, 0, 0,  0,  0, 0, 0,  0,  0,  0, 0,  0,  0,  0,  0, 0, 0, 0, 0, 0, 0, 0,  0,  0,  0,  0,  0,  0,  0, 0, 0, 0, 0,  0,  0,  0,  0,  0,  0,  0,  0,  0,  0, 0, 0,  0,  0, 0, 0, 0,  0, 0, 0,  0,  0,  0, 0, 0, 0, 0, 0, 0, 0,  0,  0,  0,  0,  0, 0, 0,  0,  0, 0, 0, 0, 0, 0, 0, 0,  0,  0, 0, 0,  0,  0,  0, 0,  0,  0,  0
0, 0, 0,  0,  0,  0,  0,  0,  0, 0, 0, 0, 0,  0,  0, 0, 0,  0,  0,  0, 0,  0,  0,  0,  0, 0, 0, 0, 0, 0, 0, 0,  0,  0,  0,  0,  0,  0,  0, 0, 0, 0, 0,  0,  0,  0,  0,  0,  0,  0,  0,  0,  0, 0, 0,  0,  0, 0, 0, 0,  0, 0, 0,  0,  0,  0, 0, 0, 0, 0, 0, 0, 0,  0,  0,  0,  0,  0, 0, 0,  0,  0, 0, 0, 0, 0, 0, 0, 0,  0,  0, 0, 0,  0,  0,  0, 0,  0,  0,  0
0, 0, 0,  0,  0,  0,  0,  0,  0, 0, 0, 0, 0,  0,  0, 0, 0,  0,  0,  0, 0,  0,  0,  0,  0, 0, 0, 0, 0, 0, 0, 0,  0,  0,  0,  0,  0,  0,  0, 0, 0, 0, 0,  0,  0,  0,  0,  0,  0,  0,  0,  0,  0, 0, 0,  0,  0, 0, 0, 0,  0, 0, 0,  0,  0,  0, 0, 0, 0, 0, 0, 0, 0,  0,  0,  0,  0,  0, 0, 0,  0,  0, 0, 0, 0, 0, 0, 0, 0,  0,  0, 0, 0,  0,  0,  0, 0,  0,  0,  0
0, 0, 0,  0,  0,  0,  0,  0,  0, 0, 0, 0, 0,  0,  0, 0, 0,  0,  0,  0, 0,  0,  0,  0,  0, 0, 0, 0, 0, 0, 0, 0,  0,  0,  0,  0,  0,  0,  0, 0, 0, 0, 0,  0,  0,  0,  0,  0,  0,  0,  0,  0,  0, 0, 0,  0,  0, 0, 0, 0,  0, 0, 0,  0,  0,  0, 0, 0, 0, 0, 0, 0, 0,  0,  0,  0,  0,  0, 0, 0,  0,  0, 0, 0, 0, 0, 0, 0, 0,  0,  0, 0, 0,  0,  0,  0, 0,  0,  0,  0
0, 0, 0,  0,  0,  0,  0,  0,  0, 0, 0, 0, 0,  0,  0, 0, 0,  0,  0,  0, 0,  0,  0,  0,  0, 0, 0, 0, 0, 0, 0, 0,  0,  0,  0,  0,  0,  0,  0, 0, 0, 0, 0,  0,  0,  0,  0,  0,  0,  0,  0,  0,  0, 0, 0,  0,  0, 0, 0, 0,  0, 0, 0,  0,  0,  0, 0, 0, 0, 0, 0, 0, 0,  0,  0,  0,  0,  0, 0, 0,  0,  0, 0, 0, 0, 0, 0, 0, 0,  0,  0, 0, 0,  0,  0,  0, 0,  0,  0,  0
0, 0, 0,  0,  0,  0,  0,  0,  0, 0, 0, 0, 0,  0,  0, 0, 0,  0,  0,  0, 0,  0,  0,  0,  0, 0, 0, 0, 0, 0, 0, 0,  0,  0,  0,  0,  0,  0,  0, 0, 0, 0, 0,  0,  0,  0,  0,  0,  0,  0,  0,  0,  0, 0, 0,  0,  0, 0, 0, 0,  0, 0, 0,  0,  0,  0, 0, 0, 0, 0, 0, 0, 0,  0,  0,  0,  0,  0, 0, 0,  0,  0, 0, 0, 0, 0, 0, 0, 0,  0,  0, 0, 0,  0,  0,  0, 0,  0,  0,  0
0, 0, 0,  0,  0,  0,  0,  0,  0, 0, 0, 0, 0,  0,  0, 0, 0,  0,  0,  0, 0,  0,  0,  0,  0, 0, 0, 0, 0, 0, 0, 0,  0,  0,  0,  0,  0,  0,  0, 0, 0, 0, 0,  0,  0,  0,  0,  0,  0,  0,  0,  0,  0, 0, 0,  0,  0, 0, 0, 0,  0, 0, 0,  0,  0,  0, 0, 0, 0, 0, 0, 0, 0,  0,  0,  0,  0,  0, 0, 0,  0,  0, 0, 0, 0, 0, 0, 0, 0,  0,  0, 0, 0,  0,  0,  0, 0,  0,  0,  0
0, 0, 0,  0,  0,  0,  0,  0,  0, 0, 0, 0, 0,  0,  0, 0, 0,  0,  0,  0, 0,  0,  0,  0,  0, 0, 0, 0, 0, 0, 0, 0,  0,  0,  0,  0,  0,  0,  0, 0, 0, 0, 0,  0,  0,  0,  0,  0,  0,  0,  0,  0,  0, 0, 0,  0,  0, 0, 0, 0,  0, 0, 0,  0,  0,  0, 0, 0, 0, 0, 0, 0, 0,  0,  0,  0,  0,  0, 0, 0,  0,  0, 0, 0, 0, 0, 0, 0, 0,  0,  0, 0, 0,  0,  0,  0, 0,  0,  0,  0
0, 0, 0,  0,  0,  0,  0,  0,  0, 0, 0, 0, 0,  0,  0, 0, 0,  0,  0,  0, 0,  0,  0,  0,  0, 0, 0, 0, 0, 0, 0, 0,  0,  0,  0,  0,  0,  0,  0, 0, 0, 0, 0,  0,  0,  0,  0,  0,  0,  0,  0,  0,  0, 0, 0,  0,  0, 0, 0, 0,  0, 0, 0,  0,  0,  0, 0, 0, 0, 0, 0, 0, 0,  0,  0,  0,  0,  0, 0, 0,  0,  0, 0, 0, 0, 0, 0, 0, 0,  0,  0, 0, 0,  0,  0,  0, 0,  0,  0,  0
0, 0, 0,  0,  0,  0,  0,  0,  0, 0, 0, 0, 0,  0,  0, 0, 0,  0,  0,  0, 0,  0,  0,  0,  0, 0, 0, 0, 0, 0, 0, 0,  0,  0,  0,  0,  0,  0,  0, 0, 0, 0, 0,  0,  0,  0,  0,  0,  0,  0,  0,  0,  0, 0, 0,  0,  0, 0, 0, 0,  0, 0, 0,  0,  0,  0, 0, 0, 0, 0, 0, 0, 0,  0,  0,  0,  0,  0, 0, 0,  0,  0, 0, 0, 0, 0, 0, 0, 0,  0,  0, 0, 0,  0,  0,  0, 0,  0,  0,  0
0, 0, 0,  0,  0,  0,  0,  0,  0, 0, 0, 0, 0,  0,  0, 0, 0,  0,  0,  0, 0,  0,  0,  0,  0, 0, 0, 0, 0, 0, 0, 0,  0,  0,  0,  0,  0,  0,  0, 0, 0, 0, 0,  0,  0,  0,  0,  0,  0,  0,  0,  0,  0, 0, 0,  0,  0, 0, 0, 0,  0, 0, 0,  0,  0,  0, 0, 0, 0, 0, 0, 0, 0,  0,  0,  0,  0,  0, 0, 0,  0,  0, 0, 0, 0, 0, 0, 0, 0,  0,  0, 0, 0,  0,  0,  0, 0,  0,  0,  0
0, 0, 0,  0,  0,  0,  0,  0,  0, 0, 0, 0, 0,  0,  0, 0, 0,  0,  0,  0, 0,  0,  0,  0,  0, 0, 0, 0, 0, 0, 0, 0,  0,  0,  0,  0,  0,  0,  0, 0, 0, 0, 0,  0,  0,  0,  0,  0,  0,  0,  0,  0,  0, 0, 0,  0,  0, 0, 0, 0,  0, 0, 0,  0,  0,  0, 0, 0, 0, 0, 0, 0, 0,  0,  0,  0,  0,  0, 0, 0,  0,  0, 0, 0, 0, 0, 0, 0, 0,  0,  0, 0, 0,  0,  0,  0, 0,  0,  0,  0
0, 0, 0,  0,  0,  0,  0,  0,  0, 0, 0, 0, 0,  0,  0, 0, 0,  0,  0,  0, 0,  0,  0,  0,  0, 0, 0, 0, 0, 0, 0, 0,  0,  0,  0,  0,  0,  0,  0, 0, 0, 0, 0,  0,  0,  0,  0,  0,  0,  0,  0,  0,  0, 0, 0,  0,  0, 0, 0, 0,  0, 0, 0,  0,  0,  0, 0, 0, 0, 0, 0, 0, 0,  0,  0,  0,  0,  0, 0, 0,  0,  0, 0, 0, 0, 0, 0, 0, 0,  0,  0, 0, 0,  0,  0,  0, 0,  0,  0,  0
0, 0, 0,  0,  0,  0,  0,  0,  0, 0, 0, 0, 0,  0,  0, 0, 0,  0,  0,  0, 0,  0,  0,  0,  0, 0, 0, 0, 0, 0, 0, 0,  0,  0,  0,  0,  0,  0,  0, 0, 0, 0, 0,  0,  0,  0,  0,  0,  0,  0,  0,  0,  0, 0, 0,  0,  0, 0, 0, 0,  0, 0, 0,  0,  0,  0, 0, 0, 0, 0, 0, 0, 0,  0,  0,  0,  0,  0, 0, 0,  0,  0, 0, 0, 0, 0, 0, 0, 0,  0,  0, 0, 0,  0,  0,  0, 0,  0,  0,  0
0, 0, 0,  0,  0,  0,  0,  0,  0, 0, 0, 0, 0,  0,  0, 0, 0,  0,  0,  0, 0,  0,  0,  0,  0, 0, 0, 0, 0, 0, 0, 0,  0,  0,  0,  0,  0,  0,  0, 0, 0, 0, 0,  0,  0,  0,  0,  0,  0,  0,  0,  0,  0, 0, 0,  0,  0, 0, 0, 0,  0, 0, 0,  0,  0,  0, 0, 0, 0, 0, 0, 0, 0,  0,  0,  0,  0,  0, 0, 0,  0,  0, 0, 0, 0, 0, 0, 0, 0,  0,  0, 0, 0,  0,  0,  0, 0,  0,  0,  0
0, 0, 0,  0,  0,  0,  0,  0,  0, 0, 0, 0, 0,  0,  0, 0, 0,  0,  0,  0, 0,  0,  0,  0,  0, 0, 0, 0, 0, 0, 0, 0,  0,  0,  0,  0,  0,  0,  0, 0, 0, 0, 0,  0,  0,  0,  0,  0,  0,  0,  0,  0,  0, 0, 0,  0,  0, 0, 0, 0,  0, 0, 0,  0,  0,  0, 0, 0, 0, 0, 0, 0, 0,  0,  0,  0,  0,  0, 0, 0,  0,  0, 0, 0, 0, 0, 0, 0, 0,  0,  0, 0, 0,  0,  0,  0, 0,  0,  0,  0
0, 0, 0,  0,  0,  0,  0,  0,  0, 0, 0, 0, 0,  0,  0, 0, 0,  0,  0,  0, 0,  0,  0,  0,  0, 0, 0, 0, 0, 0, 0, 0,  0,  0,  0,  0,  0,  0,  0, 0, 0, 0, 0,  0,  0,  0,  0,  0,  0,  0,  0,  0,  0, 0, 0,  0,  0, 0, 0, 0,  0, 0, 0,  0,  0,  0, 0, 0, 0, 0, 0, 0, 0,  0,  0,  0,  0,  0, 0, 0,  0,  0, 0, 0, 0, 0, 0, 0, 0,  0,  0, 0, 0,  0,  0,  0, 0,  0,  0,  0
0, 0, 0,  0,  0,  0,  0,  0,  0, 0, 0, 0, 0,  0,  0, 0, 0,  0,  0,  0, 0,  0,  0,  0,  0, 0, 0, 0, 0, 0, 0, 0,  0,  0,  0,  0,  0,  0,  0, 0, 0, 0, 0,  0,  0,  0,  0,  0,  0,  0,  0,  0,  0, 0, 0,  0,  0, 0, 0, 0,  0, 0, 0,  0,  0,  0, 0, 0, 0, 0, 0, 0, 0,  0,  0,  0,  0,  0, 0, 0,  0,  0, 0, 0, 0, 0, 0, 0, 0,  0,  0, 0, 0,  0,  0,  0, 0,  0,  0,  0
0, 0, 0,  0,  0,  0,  0,  0,  0, 0, 0, 0, 0,  0,  0, 0, 0,  0,  0,  0, 0,  0,  0,  0,  0, 0, 0, 0, 0, 0, 0, 0,  0,  0,  0,  0,  0,  0,  0, 0, 0, 0, 0,  0,  0,  0,  0,  0,  0,  0,  0,  0,  0, 0, 0,  0,  0, 0, 0, 0,  0, 0, 0,  0,  0,  0, 0, 0, 0, 0, 0, 0, 0,  0,  0,  0,  0,  0, 0, 0,  0,  0, 0, 0, 0, 0, 0, 0, 0,  0,  0, 0, 0,  0,  0,  0, 0,  0,  0,  0
0, 0, 0,  0,  0,  0,  0,  0,  0, 0, 0, 0, 0,  0,  0, 0, 0,  0,  0,  0, 0,  0,  0,  0,  0, 0, 0, 0, 0, 0, 0, 0,  0,  0,  0,  0,  0,  0,  0, 0, 0, 0, 0,  0,  0,  0,  0,  0,  0,  0,  0,  0,  0, 0, 0,  0,  0, 0, 0, 0,  0, 0, 0,  0,  0,  0, 0, 0, 0, 0, 0, 0, 0,  0,  0,  0,  0,  0, 0, 0,  0,  0, 0, 0, 0, 0, 0, 0, 0,  0,  0, 0, 0,  0,  0,  0, 0,  0,  0,  0
0, 0, 0,  0,  0,  0,  0,  0,  0, 0, 0, 0, 0,  0,  0, 0, 0,  0,  0,  0, 0,  0,  0,  0,  0, 0, 0, 0, 0, 0, 0, 0,  0,  0,  0,  0,  0,  0,  0, 0, 0, 0, 0,  0,  0,  0,  0,  0,  0,  0,  0,  0,  0, 0, 0,  0,  0, 0, 0, 0,  0, 0, 0,  0,  0,  0, 0, 0, 0, 0, 0, 0, 0,  0,  0,  0,  0,  0, 0, 0,  0,  0, 0, 0, 0, 0, 0, 0, 0,  0,  0, 0, 0,  0,  0,  0, 0,  0,  0,  0
0, 0, 0,  0,  0,  0,  0,  0,  0, 0, 0, 0, 0,  0,  0, 0, 0,  0,  0,  0, 0,  0,  0,  0,  0, 0, 0, 0, 0, 0, 0, 0,  0,  0,  0,  0,  0,  0,  0, 0, 0, 0, 0,  0,  0,  0,  0,  0,  0,  0,  0,  0,  0, 0, 0,  0,  0, 0, 0, 0,  0, 0, 0,  0,  0,  0, 0, 0, 0, 0, 0, 0, 0,  0,  0,  0,  0,  0, 0, 0,  0,  0, 0, 0, 0, 0, 0, 0, 0,  0,  0, 0, 0,  0,  0,  0, 0,  0,  0,  0
0, 0, 0,  0,  0,  0,  0,  0,  0, 0, 0, 0, 0,  0,  0, 0, 0,  0,  0,  0, 0,  0,  0,  0,  0, 0, 0, 0, 0, 0, 0, 0,  0,  0,  0,  0,  0,  0,  0, 0, 0, 0, 0,  0,  0,  0,  0,  0,  0,  0,  0,  0,  0, 0, 0,  0,  0, 0, 0, 0,  0, 0, 0,  0,  0,  0, 0, 0, 0, 0, 0, 0, 0,  0,  0,  0,  0,  0, 0, 0,  0,  0, 0, 0, 0, 0, 0, 0, 0,  0,  0, 0, 0,  0,  0,  0, 0,  0,  0,  0
0, 0, 0,  0,  0,  0,  0,  0,  0, 0, 0, 0, 0,  0,  0, 0, 0,  0,  0,  0, 0,  0,  0,  0,  0, 0, 0, 0, 0, 0, 0, 0,  0,  0,  0,  0,  0,  0,  0, 0, 0, 0, 0,  0,  0,  0,  0,  0,  0,  0,  0,  0,  0, 0, 0,  0,  0, 0, 0, 0,  0, 0, 0,  0,  0,  0, 0, 0, 0, 0, 0, 0, 0,  0,  0,  0,  0,  0, 0, 0,  0,  0, 0, 0, 0, 0, 0, 0, 0,  0,  0, 0, 0,  0,  0,  0, 0,  0,  0,  0
0, 0, 0,  0,  0,  0,  0,  0,  0, 0, 0, 0, 0,  0,  0, 0, 0,  0,  0,  0, 0,  0,  0,  0,  0, 0, 0, 0, 0, 0, 0, 0,  0,  0,  0,  0,  0,  0,  0, 0, 0, 0, 0,  0,  0,  0,  0,  0,  0,  0,  0,  0,  0, 0, 0,  0,  0, 0, 0, 0,  0, 0, 0,  0,  0,  0, 0, 0, 0, 0, 0, 0, 0,  0,  0,  0,  0,  0, 0, 0,  0,  0, 0, 0, 0, 0, 0, 0, 0,  0,  0, 0, 0,  0,  0,  0, 0,  0,  0,  0
0, 0, 0,  0,  0,  0,  0,  0,  0, 0, 0, 0, 0,  0,  0, 0, 0,  0,  0,  0, 0,  0,  0,  0,  0, 0, 0, 0, 0, 0, 0, 0,  0,  0,  0,  0,  0,  0,  0, 0, 0, 0, 0,  0,  0,  0,  0,  0,  0,  0,  0,  0,  0, 0, 0,  0,  0, 0, 0, 0,  0, 0, 0,  0,  0,  0, 0, 0, 0, 0, 0, 0, 0,  0,  0,  0,  0,  0, 0, 0,  0,  0, 0, 0, 0, 0, 0, 0, 0,  0,  0, 0, 0,  0,  0,  0, 0,  0,  0,  0
0, 0, 0,  0,  0,  0,  0,  0,  0, 0, 0, 0, 0,  0,  0, 0, 0,  0,  0,  0, 0,  0,  0,  0,  0, 0, 0, 0, 0, 0, 0, 0,  0,  0,  0,  0,  0,  0,  0, 0, 0, 0, 0,  0,  0,  0,  0,  0,  0,  0,  0,  0,  0, 0, 0,  0,  0, 0, 0, 0,  0, 0, 0,  0,  0,  0, 0, 0, 0, 0, 0, 0, 0,  0,  0,  0,  0,  0, 0, 0,  0,  0, 0, 0, 0, 0, 0, 0, 0,  0,  0, 0, 0,  0,  0,  0, 0,  0,  0,  0
0, 0, 0,  0,  0,  0,  0,  0,  0, 0, 0, 0, 0,  0,  0, 0, 0,  0,  0,  0, 0,  0,  0,  0,  0, 0, 0, 0, 0, 0, 0, 0,  0,  0,  0,  0,  0,  0,  0, 0, 0, 0, 0,  0,  0,  0,  0,  0,  0,  0,  0,  0,  0, 0, 0,  0,  0, 0, 0, 0,  0, 0, 0,  0,  0,  0, 0, 0, 0, 0, 0, 0, 0,  0,  0,  0,  0,  0, 0, 0,  0,  0, 0, 0, 0, 0, 0, 0, 0,  0,  0, 0, 0,  0,  0,  0, 0,  0,  0,  0
0, 0, 0,  0,  0,  0,  0,  0,  0, 0, 0, 0, 0,  0,  0, 0, 0,  0,  0,  0, 0,  0,  0,  0,  0, 0, 0, 0, 0, 0, 0, 0,  0,  0,  0,  0,  0,  0,  0, 0, 0, 0, 0,  0,  0,  0,  0,  0,  0,  0,  0,  0,  0, 0, 0,  0,  0, 0, 0, 0,  0, 0, 0,  0,  0,  0, 0, 0, 0, 0, 0, 0, 0,  0,  0,  0,  0,  0, 0, 0,  0,  0, 0, 0, 0, 0, 0, 0, 0,  0,  0, 0, 0,  0,  0,  0, 0,  0,  0,  0
0, 0, 0,  0,  0,  0,  0,  0,  0, 0, 0, 0, 0,  0,  0, 0, 0,  0,  0,  0, 0,  0,  0,  0,  0, 0, 0, 0, 0, 0, 0, 0,  0,  0,  0,  0,  0,  0,  0, 0, 0, 0, 0,  0,  0,  0,  0,  0,  0,  0,  0,  0,  0, 0, 0,  0,  0, 0, 0, 0,  0, 0, 0,  0,  0,  0, 0, 0, 0, 0, 0, 0, 0,  0,  0,  0,  0,  0, 0, 0,  0,  0, 0, 0, 0, 0, 0, 0, 0,  0,  0, 0, 0,  0,  0,  0, 0,  0,  0,  0
0, 0, 0,  0,  0,  0,  0,  0,  0, 0, 0, 0, 0,  0,  0, 0, 0,  0,  0,  0, 0,  0,  0,  0,  0, 0, 0, 0, 0, 0, 0, 0,  0,  0,  0,  0,  0,  0,  0, 0, 0, 0, 0,  0,  0,  0,  0,  0,  0,  0,  0,  0,  0, 0, 0,  0,  0, 0, 0, 0,  0, 0, 0,  0,  0,  0, 0, 0, 0, 0, 0, 0, 0,  0,  0,  0,  0,  0, 0, 0,  0,  0, 0, 0, 0, 0, 0, 0, 0,  0,  0, 0, 0,  0,  0,  0, 0,  0,  0,  0
0, 0, 0,  0,  0,  0,  0,  0,  0, 0, 0, 0, 0,  0,  0, 0, 0,  0,  0,  0, 0,  0,  0,  0,  0, 0, 0, 0, 0, 0, 0, 0,  0,  0,  0,  0,  0,  0,  0, 0, 0, 0, 0,  0,  0,  0,  0,  0,  0,  0,  0,  0,  0, 0, 0,  0,  0, 0, 0, 0,  0, 0, 0,  0,  0,  0, 0, 0, 0, 0, 0, 0, 0,  0,  0,  0,  0,  0, 0, 0,  0,  0, 0, 0, 0, 0, 0, 0, 0,  0,  0, 0, 0,  0,  0,  0, 0,  0,  0,  0
0, 0, 0,  0,  0,  0,  0,  0,  0, 0, 0, 0, 0,  0,  0, 0, 0,  0,  0,  0, 0,  0,  0,  0,  0, 0, 0, 0, 0, 0, 0, 0,  0,  0,  0,  0,  0,  0,  0, 0, 0, 0, 0,  0,  0,  0,  0,  0,  0,  0,  0,  0,  0, 0, 0,  0,  0, 0, 0, 0,  0, 0, 0,  0,  0,  0, 0, 0, 0, 0, 0, 0, 0,  0,  0,  0,  0,  0, 0, 0,  0,  0, 0, 0, 0, 0, 0, 0, 0,  0,  0, 0, 0,  0,  0,  0, 0,  0,  0,  0
0, 0, 0,  0,  0,  0,  0,  0,  0, 0, 0, 0, 0,  0,  0, 0, 0,  0,  0,  0, 0,  0,  0,  0,  0, 0, 0, 0, 0, 0, 0, 0,  0,  0,  0,  0,  0,  0,  0, 0, 0, 0, 0,  0,  0,  0,  0,  0,  0,  0,  0,  0,  0, 0, 0,  0,  0, 0, 0, 0,  0, 0, 0,  0,  0,  0, 0, 0, 0, 0, 0, 0, 0,  0,  0,  0,  0,  0, 0, 0,  0,  0, 0, 0, 0, 0, 0, 0, 0,  0,  0, 0, 0,  0,  0,  0, 0,  0,  0,  0
0, 0, 0,  0,  0,  0,  0,  0,  0, 0, 0, 0, 0,  0,  0, 0, 0,  0,  0,  0, 0,  0,  0,  0,  0, 0, 0, 0, 0, 0, 0, 0,  0,  0,  0,  0,  0,  0,  0, 0, 0, 0, 0,  0,  0,  0,  0,  0,  0,  0,  0,  0,  0, 0, 0,  0,  0, 0, 0, 0,  0, 0, 0,  0,  0,  0, 0, 0, 0, 0, 0, 0, 0,  0,  0,  0,  0,  0, 0, 0,  0,  0, 0, 0, 0, 0, 0, 0, 0,  0,  0, 0, 0,  0,  0,  0, 0,  0,  0,  0
0, 0, 0,  0,  0,  0,  0,  0,  0, 0, 0, 0, 0,  0,  0, 0, 0,  0,  0,  0, 0,  0,  0,  0,  0, 0, 0, 0, 0, 0, 0, 0,  0,  0,  0,  0,  0,  0,  0, 0, 0, 0, 0,  0,  0,  0,  0,  0,  0,  0,  0,  0,  0, 0, 0,  0,  0, 0, 0, 0,  0, 0, 0,  0,  0,  0, 0, 0, 0, 0, 0, 0, 0,  0,  0,  0,  0,  0, 0, 0,  0,  0, 0, 0, 0, 0, 0, 0, 0,  0,  0, 0, 0,  0,  0,  0, 0,  0,  0,  0
0, 0, 0,  0,  0,  0,  0,  0,  0, 0, 0, 0, 0,  0,  0, 0, 0,  0,  0,  0, 0,  0,  0,  0,  0, 0, 0, 0, 0, 0, 0, 0,  0,  0,  0,  0,  0,  0,  0, 0, 0, 0, 0,  0,  0,  0,  0,  0,  0,  0,  0,  0,  0, 0, 0,  0,  0, 0, 0, 0,  0, 0, 0,  0,  0,  0, 0, 0, 0, 0, 0, 0, 0,  0,  0,  0,  0,  0, 0, 0,  0,  0, 0, 0, 0, 0, 0, 0, 0,  0,  0, 0, 0,  0,  0,  0, 0,  0,  0,  0
0, 0, 0,  0,  0,  0,  0,  0,  0, 0, 0, 0, 0,  0,  0, 0, 0,  0,  0,  0, 0,  0,  0,  0,  0, 0, 0, 0, 0, 0, 0, 0,  0,  0,  0,  0,  0,  0,  0, 0, 0, 0, 0,  0,  0,  0,  0,  0,  0,  0,  0,  0,  0, 0, 0,  0,  0, 0, 0, 0,  0, 0, 0,  0,  0,  0, 0, 0, 0, 0, 0, 0, 0,  0,  0,  0,  0,  0, 0, 0,  0,  0, 0, 0, 0, 0, 0, 0, 0,  0,  0, 0, 0,  0,  0,  0, 0,  0,  0,  0
0, 0, 0,  0,  0,  0,  0,  0,  0, 0, 0, 0, 0,  0,  0, 0, 0,  0,  0,  0, 0,  0,  0,  0,  0, 0, 0, 0, 0, 0, 0, 0,  0,  0,  0,  0,  0,  0,  0, 0, 0, 0, 0,  0,  0,  0,  0,  0,  0,  0,  0,  0,  0, 0, 0,  0,  0, 0, 0, 0,  0, 0, 0,  0,  0,  0, 0, 0, 0, 0, 0, 0, 0,  0,  0,  0,  0,  0, 0, 0,  0,  0, 0, 0, 0, 0, 0, 0, 0,  0,  0, 0, 0,  0,  0,  0, 0,  0,  0,  0
0, 0, 0,  0,  0,  0,  0,  0,  0, 0, 0, 0, 0,  0,  0, 0, 0,  0,  0,  0, 0,  0,  0,  0,  0, 0, 0, 0, 0, 0, 0, 0,  0,  0,  0,  0,  0,  0,  0, 0, 0, 0, 0,  0,  0,  0,  0,  0,  0,  0,  0,  0,  0, 0, 0,  0,  0, 0, 0, 0,  0, 0, 0,  0,  0,  0, 0, 0, 0, 0, 0, 0, 0,  0,  0,  0,  0,  0, 0, 0,  0,  0, 0, 0, 0, 0, 0, 0, 0,  0,  0, 0, 0,  0,  0,  0, 0,  0,  0,  0
0, 0, 0,  0,  0,  0,  0,  0,  0, 0, 0, 0, 0,  0,  0, 0, 0,  0,  0,  0, 0,  0,  0,  0,  0, 0, 0, 0, 0, 0, 0, 0,  0,  0,  0,  0,  0,  0,  0, 0, 0, 0, 0,  0,  0,  0,  0,  0,  0,  0,  0,  0,  0, 0, 0,  0,  0, 0, 0, 0,  0, 0, 0,  0,  0,  0, 0, 0, 0, 0, 0, 0, 0,  0,  0,  0,  0,  0, 0, 0,  0,  0, 0, 0, 0, 0, 0, 0, 0,  0,  0, 0, 0,  0,  0,  0, 0,  0,  0,  0
0, 0, 0,  0,  0,  0,  0,  0,  0, 0, 0, 0, 0,  0,  0, 0, 0,  0,  0,  0, 0,  0,  0,  0,  0, 0, 0, 0, 0, 0, 0, 0,  0,  0,  0,  0,  0,  0,  0, 0, 0, 0, 0,  0,  0,  0,  0,  0,  0,  0,  0,  0,  0, 0, 0,  0,  0, 0, 0, 0,  0, 0, 0,  0,  0,  0, 0, 0, 0, 0, 0, 0, 0,  0,  0,  0,  0,  0, 0, 0,  0,  0, 0, 0, 0, 0, 0, 0, 0,  0,  0, 0, 0,  0,  0,  0, 0,  0,  0,  0
0, 0, 0,  0,  0,  0,  0,  0,  0, 0, 0, 0, 0,  0,  0, 0, 0,  0,  0,  0, 0,  0,  0,  0,  0, 0, 0, 0, 0, 0, 0, 0,  0,  0,  0,  0,  0,  0,  0, 0, 0, 0, 0,  0,  0,  0,  0,  0,  0,  0,  0,  0,  0, 0, 0,  0,  0, 0, 0, 0,  0, 0, 0,  0,  0,  0, 0, 0, 0, 0, 0, 0, 0,  0,  0,  0,  0,  0, 0, 0,  0,  0, 0, 0, 0, 0, 0, 0, 0,  0,  0, 0, 0,  0,  0,  0, 0,  0,  0,  0
0, 0, 0,  0,  0,  0,  0,  0,  0, 0, 0, 0, 0,  0,  0, 0, 0,  0,  0,  0, 0,  0,  0,  0,  0, 0, 0, 0, 0, 0, 0, 0,  0,  0,  0,  0,  0,  0,  0, 0, 0, 0, 0,  0,  0,  0,  0,  0,  0,  0,  0,  0,  0, 0, 0,  0,  0, 0, 0, 0,  0, 0, 0,  0,  0,  0, 0, 0, 0, 0, 0, 0, 0,  0,  0,  0,  0,  0, 0, 0,  0,  0, 0, 0, 0, 0, 0, 0, 0,  0,  0, 0, 0,  0,  0,  0, 0,  0,  0,  0
0, 0, 0,  0,  0,  0,  0,  0,  0, 0, 0, 0, 0,  0,  0, 0, 0,  0,  0,  0, 0,  0,  0,  0,  0, 0, 0, 0, 0, 0, 0, 0,  0,  0,  0,  0,  0,  0,  0, 0, 0, 0, 0,  0,  0,  0,  0,  0,  0,  0,  0,  0,  0, 0, 0,  0,  0, 0, 0, 0,  0, 0, 0,  0,  0,  0, 0, 0, 0, 0, 0, 0, 0,  0,  0,  0,  0,  0, 0, 0,  0,  0, 0, 0, 0, 0, 0, 0, 0,  0,  0, 0, 0,  0,  0,  0, 0,  0,  0,  0
0, 0, 0,  0,  0,  0,  0,  0,  0, 0, 0, 0, 0,  0,  0, 0, 0,  0,  0,  0, 0,  0,  0,  0,  0, 0, 0, 0, 0, 0, 0, 0,  0,  0,  0,  0,  0,  0,  0, 0, 0, 0, 0,  0,  0,  0,  0,  0,  0,  0,  0,  0,  0, 0, 0,  0,  0, 0, 0, 0,  0, 0, 0,  0,  0,  0, 0, 0, 0, 0, 0, 0, 0,  0,  0,  0,  0,  0, 0, 0,  0,  0, 0, 0, 0, 0, 0, 0, 0,  0,  0, 0, 0,  0,  0,  0, 0,  0,  0,  0
0, 0, 0,  0,  0,  0,  0,  0,  0, 0, 0, 0, 0,  0,  0, 0, 0,  0,  0,  0, 0,  0,  0,  0,  0, 0, 0, 0, 0, 0, 0, 0,  0,  0,  0,  0,  0,  0,  0, 0, 0, 0, 0,  0,  0,  0,  0,  0,  0,  0,  0,  0,  0, 0, 0,  0,  0, 0, 0, 0,  0, 0, 0,  0,  0,  0, 0, 0, 0, 0, 0, 0, 0,  0,  0,  0,  0,  0, 0, 0,  0,  0, 0, 0, 0, 0, 0, 0, 0,  0,  0, 0, 0,  0,  0,  0, 0,  0,  0,  0
0, 0, 0,  0,  0,  0,  0,  0,  0, 0, 0, 0, 0,  0,  0, 0, 0,  0,  0,  0, 0,  0,  0,  0,  0, 0, 0, 0, 0, 0, 0, 0,  0,  0,  0,  0,  0,  0,  0, 0, 0, 0, 0,  0,  0,  0,  0,  0,  0,  0,  0,  0,  0, 0, 0,  0,  0, 0, 0, 0,  0, 0, 0,  0,  0,  0, 0, 0, 0, 0, 0, 0, 0,  0,  0,  0,  0,  0, 0, 0,  0,  0, 0, 0, 0, 0, 0, 0, 0,  0,  0, 0, 0,  0,  0,  0, 0,  0,  0,  0
0, 0, 0,  0,  0,  0,  0,  0,  0, 0, 0, 0, 0,  0,  0, 0, 0,  0,  0,  0, 0,  0,  0,  0,  0, 0, 0, 0, 0, 0, 0, 0,  0,  0,  0,  0,  0,  0,  0, 0, 0, 0, 0,  0,  0,  0,  0,  0,  0,  0,  0,  0,  0, 0, 0,  0,  0, 0, 0, 0,  0, 0, 0,  0,  0,  0, 0, 0, 0, 0, 0, 0, 0,  0,  0,  0,  0,  0, 0, 0,  0,  0, 0, 0, 0, 0, 0, 0, 0,  0,  0, 0, 0,  0,  0,  0, 0,  0,  0,  0
0, 0, 0,  0,  0,  0,  0,  0,  0, 0, 0, 0, 0,  0,  0, 0, 0,  0,  0,  0, 0,  0,  0,  0,  0, 0, 0, 0, 0, 0, 0, 0,  0,  0,  0,  0,  0,  0,  0, 0, 0, 0, 0,  0,  0,  0,  0,  0,  0,  0,  0,  0,  0, 0, 0,  0,  0, 0, 0, 0,  0, 0, 0,  0,  0,  0, 0, 0, 0, 0, 0, 0, 0,  0,  0,  0,  0,  0, 0, 0,  0,  0, 0, 0, 0, 0, 0, 0, 0,  0,  0, 0, 0,  0,  0,  0, 0,  0,  0,  0
0, 0, 0,  0,  0,  0,  0,  0,  0, 0, 0, 0, 0,  0,  0, 0, 0,  0,  0,  0, 0,  0,  0,  0,  0, 0, 0, 0, 0, 0, 0, 0,  0,  0,  0,  0,  0,  0,  0, 0, 0, 0, 0,  0,  0,  0,  0,  0,  0,  0,  0,  0,  0, 0, 0,  0,  0, 0, 0, 0,  0, 0, 0,  0,  0,  0, 0, 0, 0, 0, 0, 0, 0,  0,  0,  0,  0,  0, 0, 0,  0,  0, 0, 0, 0, 0, 0, 0, 0,  0,  0, 0, 0,  0,  0,  0, 0,  0,  0,  0
0, 0, 0,  0,  0,  0,  0,  0,  0, 0, 0, 0, 0,  0,  0, 0, 0,  0,  0,  0, 0,  0,  0,  0,  0, 0, 0, 0, 0, 0, 0, 0,  0,  0,  0,  0,  0,  0,  0, 0, 0, 0, 0,  0,  0,  0,  0,  0,  0,  0,  0,  0,  0, 0, 0,  0,  0, 0, 0, 0,  0, 0, 0,  0,  0,  0, 0, 0, 0, 0, 0, 0, 0,  0,  0,  0,  0,  0, 0, 0,  0,  0, 0, 0, 0, 0, 0, 0, 0,  0,  0, 0, 0,  0,  0,  0, 0,  0,  0,  0
0, 0, 0,  0,  0,  0,  0,  0,  0, 0, 0, 0, 0,  0,  0, 0, 0,  0,  0,  0, 0,  0,  0,  0,  0, 0, 0, 0, 0, 0, 0, 0,  0,  0,  0,  0,  0,  0,  0, 0, 0, 0, 0,  0,  0,  0,  0,  0,  0,  0,  0,  0,  0, 0, 0,  0,  0, 0, 0, 0,  0, 0, 0,  0,  0,  0, 0, 0, 0, 0, 0, 0, 0,  0,  0,  0,  0,  0, 0, 0,  0,  0, 0, 0, 0, 0, 0, 0, 0,  0,  0, 0, 0,  0,  0,  0, 0,  0,  0,  0
0, 0, 0,  0,  0,  0,  0,  0,  0, 0, 0, 0, 0,  0,  0, 0, 0,  0,  0,  0, 0,  0,  0,  0,  0, 0, 0, 0, 0, 0, 0, 0,  0,  0,  0,  0,  0,  0,  0, 0, 0, 0, 0,  0,  0,  0,  0,  0,  0,  0,  0,  0,  0, 0, 0,  0,  0, 0, 0, 0,  0, 0, 0,  0,  0,  0, 0, 0, 0, 0, 0, 0, 0,  0,  0,  0,  0,  0, 0, 0,  0,  0, 0, 0, 0, 0, 0, 0, 0,  0,  0, 0, 0,  0,  0,  0, 0,  0,  0,  0
0, 0, 0,  0,  0,  0,  0,  0,  0, 0, 0, 0, 0,  0,  0, 0, 0,  0,  0,  0, 0,  0,  0,  0,  0, 0, 0, 0, 0, 0, 0, 0,  0,  0,  0,  0,  0,  0,  0, 0, 0, 0, 0,  0,  0,  0,  0,  0,  0,  0,  0,  0,  0, 0, 0,  0,  0, 0, 0, 0,  0, 0, 0,  0,  0,  0, 0, 0, 0, 0, 0, 0, 0,  0,  0,  0,  0,  0, 0, 0,  0,  0, 0, 0, 0, 0, 0, 0, 0,  0,  0, 0, 0,  0,  0,  0, 0,  0,  0,  0
0, 0, 0,  0,  0,  0,  0,  0,  0, 0, 0, 0, 0,  0,  0, 0, 0,  0,  0,  0, 0,  0,  0,  0,  0, 0, 0, 0, 0, 0, 0, 0,  0,  0,  0,  0,  0,  0,  0, 0, 0, 0, 0,  0,  0,  0,  0,  0,  0,  0,  0,  0,  0, 0, 0,  0,  0, 0, 0, 0,  0, 0, 0,  0,  0,  0, 0, 0, 0, 0, 0, 0, 0,  0,  0,  0,  0,  0, 0, 0,  0,  0, 0, 0, 0, 0, 0, 0, 0,  0,  0, 0, 0,  0,  0,  0, 0,  0,  0,  0
0, 0, 0,  0,  0,  0,  0,  0,  0, 0, 0, 0, 0,  0,  0, 0, 0,  0,  0,  0, 0,  0,  0,  0,  0, 0, 0, 0, 0, 0, 0, 0,  0,  0,  0,  0,  0,  0,  0, 0, 0, 0, 0,  0,  0,  0,  0,  0,  0,  0,  0,  0,  0, 0, 0,  0,  0, 0, 0, 0,  0, 0, 0,  0,  0,  0, 0, 0, 0, 0, 0, 0, 0,  0,  0,  0,  0,  0, 0, 0,  0,  0, 0, 0, 0, 0, 0, 0, 0,  0,  0, 0, 0,  0,  0,  0, 0,  0,  0,  0
0, 0, 0,  0,  0,  0,  0,  0,  0, 0, 0, 0, 0,  0,  0, 0, 0,  0,  0,  0, 0,  0,  0,  0,  0, 0, 0, 0, 0, 0, 0, 0,  0,  0,  0,  0,  0,  0,  0, 0, 0, 0, 0,  0,  0,  0,  0,  0,  0,  0,  0,  0,  0, 0, 0,  0,  0, 0, 0, 0,  0, 0, 0,  0,  0,  0, 0, 0, 0, 0, 0, 0, 0,  0,  0,  0,  0,  0, 0, 0,  0,  0, 0, 0, 0, 0, 0, 0, 0,  0,  0, 0, 0,  0,  0,  0, 0,  0,  0,  0
0, 0, 0,  0,  0,  0,  0,  0,  0, 0, 0, 0, 0,  0,  0, 0, 0,  0,  0,  0, 0,  0,  0,  0,  0, 0, 0, 0, 0, 0, 0, 0,  0,  0,  0,  0,  0,  0,  0, 0, 0, 0, 0,  0,  0,  0,  0,  0,  0,  0,  0,  0,  0, 0, 0,  0,  0, 0, 0, 0,  0, 0, 0,  0,  0,  0, 0, 0, 0, 0, 0, 0, 0,  0,  0,  0,  0,  0, 0, 0,  0,  0, 0, 0, 0, 0, 0, 0, 0,  0,  0, 0, 0,  0,  0,  0, 0,  0,  0,  0
0, 0, 0,  0,  0,  0,  0,  0,  0, 0, 0, 0, 0,  0,  0, 0, 0,  0,  0,  0, 0,  0,  0,  0,  0, 0, 0, 0, 0, 0, 0, 0,  0,  0,  0,  0,  0,  0,  0, 0, 0, 0, 0,  0,  0,  0,  0,  0,  0,  0,  0,  0,  0, 0, 0,  0,  0, 0, 0, 0,  0, 0, 0,  0,  0,  0, 0, 0, 0, 0, 0, 0, 0,  0,  0,  0,  0,  0, 0, 0,  0,  0, 0, 0, 0, 0, 0, 0, 0,  0,  0, 0, 0,  0,  0,  0, 0,  0,  0,  0
0, 0, 0,  0,  0,  0,  0,  0,  0, 0, 0, 0, 0,  0,  0, 0, 0,  0,  0,  0, 0,  0,  0,  0,  0, 0, 0, 0, 0, 0, 0, 0,  0,  0,  0,  0,  0,  0,  0, 0, 0, 0, 0,  0,  0,  0,  0,  0,  0,  0,  0,  0,  0, 0, 0,  0,  0, 0, 0, 0,  0, 0, 0,  0,  0,  0, 0, 0, 0, 0, 0, 0, 0,  0,  0,  0,  0,  0, 0, 0,  0,  0, 0, 0, 0, 0, 0, 0, 0,  0,  0, 0, 0,  0,  0,  0, 0,  0,  0,  0
0, 0, 0,  0,  0,  0,  0,  0,  0, 0, 0, 0, 0,  0,  0, 0, 0,  0,  0,  0, 0,  0,  0,  0,  0, 0, 0, 0, 0, 0, 0, 0,  0,  0,  0,  0,  0,  0,  0, 0, 0, 0, 0,  0,  0,  0,  0,  0,  0,  0,  0,  0,  0, 0, 0,  0,  0, 0, 0, 0,  0, 0, 0,  0,  0,  0, 0, 0, 0, 0, 0, 0, 0,  0,  0,  0,  0,  0, 0, 0,  0,  0, 0, 0, 0, 0, 0, 0, 0,  0,  0, 0, 0,  0,  0,  0, 0,  0,  0,  0
0, 0, 0,  0,  0,  0,  0,  0,  0, 0, 0, 0, 0,  0,  0, 0, 0,  0,  0,  0, 0,  0,  0,  0,  0, 0, 0, 0, 0, 0, 0, 0,  0,  0,  0,  0,  0,  0,  0, 0, 0, 0, 0,  0,  0,  0,  0,  0,  0,  0,  0,  0,  0, 0, 0,  0,  0, 0, 0, 0,  0, 0, 0,  0,  0,  0, 0, 0, 0, 0, 0, 0, 0,  0,  0,  0,  0,  0, 0, 0,  0,  0, 0, 0, 0, 0, 0, 0, 0,  0,  0, 0, 0,  0,  0,  0, 0,  0,  0,  0
0, 0, 0,  0,  0,  0,  0,  0,  0, 0, 0, 0, 0,  0,  0, 0, 0,  0,  0,  0, 0,  0,  0,  0,  0, 0, 0, 0, 0, 0, 0, 0,  0,  0,  0,  0,  0,  0,  0, 0, 0, 0, 0,  0,  0,  0,  0,  0,  0,  0,  0,  0,  0, 0, 0,  0,  0, 0, 0, 0,  0, 0, 0,  0,  0,  0, 0, 0, 0, 0, 0, 0, 0,  0,  0,  0,  0,  0, 0, 0,  0,  0, 0, 0, 0, 0, 0, 0, 0,  0,  0, 0, 0,  0,  0,  0, 0,  0,  0,  0
0, 0, 0,  0,  0,  0,  0,  0,  0, 0, 0, 0, 0,  0,  0, 0, 0,  0,  0,  0, 0,  0,  0,  0,  0, 0, 0, 0, 0, 0, 0, 0,  0,  0,  0,  0,  0,  0,  0, 0, 0, 0, 0,  0,  0,  0,  0,  0,  0,  0,  0,  0,  0, 0, 0,  0,  0, 0, 0, 0,  0, 0, 0,  0,  0,  0, 0, 0, 0, 0, 0, 0, 0,  0,  0,  0,  0,  0, 0, 0,  0,  0, 0, 0, 0, 0, 0, 0, 0,  0,  0, 0, 0,  0,  0,  0, 0,  0,  0,  0
0, 0, 0,  0,  0,  0,  0,  0,  0, 0, 0, 0, 0,  0,  0, 0, 0,  0,  0,  0, 0,  0,  0,  0,  0, 0, 0, 0, 0, 0, 0, 0,  0,  0,  0,  0,  0,  0,  0, 0, 0, 0, 0,  0,  0,  0,  0,  0,  0,  0,  0,  0,  0, 0, 0,  0,  0, 0, 0, 0,  0, 0, 0,  0,  0,  0, 0, 0, 0, 0, 0, 0, 0,  0,  0,  0,  0,  0, 0, 0,  0,  0, 0, 0, 0, 0, 0, 0, 0,  0,  0, 0, 0,  0,  0,  0, 0,  0,  0,  0
0, 0, 0,  0,  0,  0,  0,  0,  0, 0, 0, 0, 0,  0,  0, 0, 0,  0,  0,  0, 0,  0,  0,  0,  0, 0, 0, 0, 0, 0, 0, 0,  0,  0,  0,  0,  0,  0,  0, 0, 0, 0, 0,  0,  0,  0,  0,  0,  0,  0,  0,  0,  0, 0, 0,  0,  0, 0, 0, 0,  0, 0, 0,  0,  0,  0, 0, 0, 0, 0, 0, 0, 0,  0,  0,  0,  0,  0, 0, 0,  0,  0, 0, 0, 0, 0, 0, 0, 0,  0,  0, 0, 0,  0,  0,  0, 0,  0,  0,  0
0, 0, 0,  0,  0,  0,  0,  0,  0, 0, 0, 0, 0,  0,  0, 0, 0,  0,  0,  0, 0,  0,  0,  0,  0, 0, 0, 0, 0, 0, 0, 0,  0,  0,  0,  0,  0,  0,  0, 0, 0, 0, 0,  0,  0,  0,  0,  0,  0,  0,  0,  0,  0, 0, 0,  0,  0, 0, 0, 0,  0, 0, 0,  0,  0,  0, 0, 0, 0, 0, 0, 0, 0,  0,  0,  0,  0,  0, 0, 0,  0,  0, 0, 0, 0, 0, 0, 0, 0,  0,  0, 0, 0,  0,  0,  0, 0,  0,  0,  0
0, 0, 0,  0,  0,  0,  0,  0,  0, 0, 0, 0, 0,  0,  0, 0, 0,  0,  0,  0, 0,  0,  0,  0,  0, 0, 0, 0, 0, 0, 0, 0,  0,  0,  0,  0,  0,  0,  0, 0, 0, 0, 0,  0,  0,  0,  0,  0,  0,  0,  0,  0,  0, 0, 0,  0,  0, 0, 0, 0,  0, 0, 0,  0,  0,  0, 0, 0, 0, 0, 0, 0, 0,  0,  0,  0,  0,  0, 0, 0,  0,  0, 0, 0, 0, 0, 0, 0, 0,  0,  0, 0, 0,  0,  0,  0, 0,  0,  0,  0
0, 0, 0,  0,  0,  0,  0,  0,  0, 0, 0, 0, 0,  0,  0, 0, 0,  0,  0,  0, 0,  0,  0,  0,  0, 0, 0, 0, 0, 0, 0, 0,  0,  0,  0,  0,  0,  0,  0, 0, 0, 0, 0,  0,  0,  0,  0,  0,  0,  0,  0,  0,  0, 0, 0,  0,  0, 0, 0, 0,  0, 0, 0,  0,  0,  0, 0, 0, 0, 0, 0, 0, 0,  0,  0,  0,  0,  0, 0, 0,  0,  0, 0, 0, 0, 0, 0, 0, 0,  0,  0, 0, 0,  0,  0,  0, 0,  0,  0,  0
0, 0, 0,  0,  0,  0,  0,  0,  0, 0, 0, 0, 0,  0,  0, 0, 0,  0,  0,  0, 0,  0,  0,  0,  0, 0, 0, 0, 0, 0, 0, 0,  0,  0,  0,  0,  0,  0,  0, 0, 0, 0, 0,  0,  0,  0,  0,  0,  0,  0,  0,  0,  0, 0, 0,  0,  0, 0, 0, 0,  0, 0, 0,  0,  0,  0, 0, 0, 0, 0, 0, 0, 0,  0,  0,  0,  0,  0, 0, 0,  0,  0, 0, 0, 0, 0, 0, 0, 0,  0,  0, 0, 0,  0,  0,  0, 0,  0,  0,  0
0, 0, 0,  0,  0,  0,  0,  0,  0, 0, 0, 0, 0,  0,  0, 0, 0,  0,  0,  0, 0,  0,  0,  0,  0, 0, 0, 0, 0, 0, 0, 0,  0,  0,  0,  0,  0,  0,  0, 0, 0, 0, 0,  0,  0,  0,  0,  0,  0,  0,  0,  0,  0, 0, 0,  0,  0, 0, 0, 0,  0, 0, 0,  0,  0,  0, 0, 0, 0, 0, 0, 0, 0,  0,  0,  0,  0,  0, 0, 0,  0,  0, 0, 0, 0, 0, 0, 0, 0,  0,  0, 0, 0,  0,  0,  0, 0,  0,  0,  0
0, 0, 0,  0,  0,  0,  0,  0,  0, 0, 0, 0, 0,  0,  0, 0, 0,  0,  0,  0, 0,  0,  0,  0,  0, 0, 0, 0, 0, 0, 0, 0,  0,  0,  0,  0,  0,  0,  0, 0, 0, 0, 0,  0,  0,  0,  0,  0,  0,  0,  0,  0,  0, 0, 0,  0,  0, 0, 0, 0,  0, 0, 0,  0,  0,  0, 0, 0, 0, 0, 0, 0, 0,  0,  0,  0,  0,  0, 0, 0,  0,  0, 0, 0, 0, 0, 0, 0, 0,  0,  0, 0, 0,  0,  0,  0, 0,  0,  0,  0
0, 0, 0,  0,  0,  0,  0,  0,  0, 0, 0, 0, 0,  0,  0, 0, 0,  0,  0,  0, 0,  0,  0,  0,  0, 0, 0, 0, 0, 0, 0, 0,  0,  0,  0,  0,  0,  0,  0, 0, 0, 0, 0,  0,  0,  0,  0,  0,  0,  0,  0,  0,  0, 0, 0,  0,  0, 0, 0, 0,  0, 0, 0,  0,  0,  0, 0, 0, 0, 0, 0, 0, 0,  0,  0,  0,  0,  0, 0, 0,  0,  0, 0, 0, 0, 0, 0, 0, 0,  0,  0, 0, 0,  0,  0,  0, 0,  0,  0,  0
0, 0, 0,  0,  0,  0,  0,  0,  0, 0, 0, 0, 0,  0,  0, 0, 0,  0,  0,  0, 0,  0,  0,  0,  0, 0, 0, 0, 0, 0, 0, 0,  0,  0,  0,  0,  0,  0,  0, 0, 0, 0, 0,  0,  0,  0,  0,  0,  0,  0,  0,  0,  0, 0, 0,  0,  0, 0, 0, 0,  0, 0, 0,  0,  0,  0, 0, 0, 0, 0, 0, 0, 0,  0,  0,  0,  0,  0, 0, 0,  0,  0, 0, 0, 0, 0, 0, 0, 0,  0,  0, 0, 0,  0,  0,  0, 0,  0,  0,  0
0, 0, 0,  0,  0,  0,  0,  0,  0, 0, 0, 0, 0,  0,  0, 0, 0,  0,  0,  0, 0,  0,  0,  0,  0, 0, 0, 0, 0, 0, 0, 0,  0,  0,  0,  0,  0,  0,  0, 0, 0, 0, 0,  0,  0,  0,  0,  0,  0,  0,  0,  0,  0, 0, 0,  0,  0, 0, 0, 0,  0, 0, 0,  0,  0,  0, 0, 0, 0, 0, 0, 0, 0,  0,  0,  0,  0,  0, 0, 0,  0,  0, 0, 0, 0, 0, 0, 0, 0,  0,  0, 0, 0,  0,  0,  0, 0,  0,  0,  0
0, 0, 0,  0,  0,  0,  0,  0,  0, 0, 0, 0, 0,  0,  0, 0, 0,  0,  0,  0, 0,  0,  0,  0,  0, 0, 0, 0, 0, 0, 0, 0,  0,  0,  0,  0,  0,  0,  0, 0, 0, 0, 0,  0,  0,  0,  0,  0,  0,  0,  0,  0,  0, 0, 0,  0,  0, 0, 0, 0,  0, 0, 0,  0,  0,  0, 0, 0, 0, 0, 0, 0, 0,  0,  0,  0,  0,  0, 0, 0,  0,  0, 0, 0, 0, 0, 0, 0, 0,  0,  0, 0, 0,  0,  0,  0, 0,  0,  0,  0
0, 0, 0,  0,  0,  0,  0,  0,  0, 0, 0, 0, 0,  0,  0, 0, 0,  0,  0,  0, 0,  0,  0,  0,  0, 0, 0, 0, 0, 0, 0, 0,  0,  0,  0,  0,  0,  0,  0, 0, 0, 0, 0,  0,  0,  0,  0,  0,  0,  0,  0,  0,  0, 0, 0,  0,  0, 0, 0, 0,  0, 0, 0,  0,  0,  0, 0, 0, 0, 0, 0, 0, 0,  0,  0,  0,  0,  0, 0, 0,  0,  0, 0, 0, 0, 0, 0, 0, 0,  0,  0, 0, 0,  0,  0,  0, 0,  0,  0,  0
0, 0, 0,  0,  0,  0,  0,  0,  0, 0, 0, 0, 0,  0,  0, 0, 0,  0,  0,  0, 0,  0,  0,  0,  0, 0, 0, 0, 0, 0, 0, 0,  0,  0,  0,  0,  0,  0,  0, 0, 0, 0, 0,  0,  0,  0,  0,  0,  0,  0,  0,  0,  0, 0, 0,  0,  0, 0, 0, 0,  0, 0, 0,  0,  0,  0, 0, 0, 0, 0, 0, 0, 0,  0,  0,  0,  0,  0, 0, 0,  0,  0, 0, 0, 0, 0, 0, 0, 0,  0,  0, 0, 0,  0,  0,  0, 0,  0,  0,  0
0, 0, 0,  0,  0,  0,  0,  0,  0, 0, 0, 0, 0,  0,  0, 0, 0,  0,  0,  0, 0,  0,  0,  0,  0, 0, 0, 0, 0, 0, 0, 0,  0,  0,  0,  0,  0,  0,  0, 0, 0, 0, 0,  0,  0,  0,  0,  0,  0,  0,  0,  0,  0, 0, 0,  0,  0, 0, 0, 0,  0, 0, 0,  0,  0,  0, 0, 0, 0, 0, 0, 0, 0,  0,  0,  0,  0,  0, 0, 0,  0,  0, 0, 0, 0, 0, 0, 0, 0,  0,  0, 0, 0,  0,  0,  0, 0,  0,  0,  0
0, 0, 0,  0,  0,  0,  0,  0,  0, 0, 0, 0, 0,  0,  0, 0, 0,  0,  0,  0, 0,  0,  0,  0,  0, 0, 0, 0, 0, 0, 0, 0,  0,  0,  0,  0,  0,  0,  0, 0, 0, 0, 0,  0,  0,  0,  0,  0,  0,  0,  0,  0,  0, 0, 0,  0,  0, 0, 0, 0,  0, 0, 0,  0,  0,  0, 0, 0, 0, 0, 0, 0, 0,  0,  0,  0,  0,  0, 0, 0,  0,  0, 0, 0, 0, 0, 0, 0, 0,  0,  0, 0, 0,  0,  0,  0, 0,  0,  0,  0
0, 0, 0,  0,  0,  0,  0,  0,  0, 0, 0, 0, 0,  0,  0, 0, 0,  0,  0,  0, 0,  0,  0,  0,  0, 0, 0, 0, 0, 0, 0, 0,  0,  0,  0,  0,  0,  0,  0, 0, 0, 0, 0,  0,  0,  0,  0,  0,  0,  0,  0,  0,  0, 0, 0,  0,  0, 0, 0, 0,  0, 0, 0,  0,  0,  0, 0, 0, 0, 0, 0, 0, 0,  0,  0,  0,  0,  0, 0, 0,  0,  0, 0, 0, 0, 0, 0, 0, 0,  0,  0, 0, 0,  0,  0,  0, 0,  0,  0,  0
0, 0, 0,  0,  0,  0,  0,  0,  0, 0, 0, 0, 0,  0,  0, 0, 0,  0,  0,  0, 0,  0,  0,  0,  0, 0, 0, 0, 0, 0, 0, 0,  0,  0,  0,  0,  0,  0,  0, 0, 0, 0, 0,  0,  0,  0,  0,  0,  0,  0,  0,  0,  0, 0, 0,  0,  0, 0, 0, 0,  0, 0, 0,  0,  0,  0, 0, 0, 0, 0, 0, 0, 0,  0,  0,  0,  0,  0, 0, 0,  0,  0, 0, 0, 0, 0, 0, 0, 0,  0,  0, 0, 0,  0,  0,  0, 0,  0,  0,  0
0, 0, 0,  0,  0,  0,  0,  0,  0, 0, 0, 0, 0,  0,  0, 0, 0,  0,  0,  0, 0,  0,  0,  0,  0, 0, 0, 0, 0, 0, 0, 0,  0,  0,  0,  0,  0,  0,  0, 0, 0, 0, 0,  0,  0,  0,  0,  0,  0,  0,  0,  0,  0, 0, 0,  0,  0, 0, 0, 0,  0, 0, 0,  0,  0,  0, 0, 0, 0, 0, 0, 0, 0,  0,  0,  0,  0,  0, 0, 0,  0,  0, 0, 0, 0, 0, 0, 0, 0,  0,  0, 0, 0,  0,  0,  0, 0,  0,  0,  0
0, 0, 0,  0,  0,  0,  0,  0,  0, 0, 0, 0, 0,  0,  0, 0, 0,  0,  0,  0, 0,  0,  0,  0,  0, 0, 0, 0, 0, 0, 0, 0,  0,  0,  0,  0,  0,  0,  0, 0, 0, 0, 0,  0,  0,  0,  0,  0,  0,  0,  0,  0,  0, 0, 0,  0,  0, 0, 0, 0,  0, 0, 0,  0,  0,  0, 0, 0, 0, 0, 0, 0, 0,  0,  0,  0,  0,  0, 0, 0,  0,  0, 0, 0, 0, 0, 0, 0, 0,  0,  0, 0, 0,  0,  0,  0, 0,  0,  0,  0
0, 0, 0,  0,  0,  0,  0,  0,  0, 0, 0, 0, 0,  0,  0, 0, 0,  0,  0,  0, 0,  0,  0,  0,  0, 0, 0, 0, 0, 0, 0, 0,  0,  0,  0,  0,  0,  0,  0, 0, 0, 0, 0,  0,  0,  0,  0,  0,  0,  0,  0,  0,  0, 0, 0,  0,  0, 0, 0, 0,  0, 0, 0,  0,  0,  0, 0, 0, 0, 0, 0, 0, 0,  0,  0,  0,  0,  0, 0, 0,  0,  0, 0, 0, 0, 0, 0, 0, 0,  0,  0, 0, 0,  0,  0,  0, 0,  0,  0,  0
0, 0, 0,  0,  0,  0,  0,  0,  0, 0, 0, 0, 0,  0,  0, 0, 0,  0,  0,  0, 0,  0,  0,  0,  0, 0, 0, 0, 0, 0, 0, 0,  0,  0,  0,  0,  0,  0,  0, 0, 0, 0, 0,  0,  0,  0,  0,  0,  0,  0,  0,  0,  0, 0, 0,  0,  0, 0, 0, 0,  0, 0, 0,  0,  0,  0, 0, 0, 0, 0, 0, 0, 0,  0,  0,  0,  0,  0, 0, 0,  0,  0, 0, 0, 0, 0, 0, 0, 0,  0,  0, 0, 0,  0,  0,  0, 0,  0,  0,  0
0, 0, 0,  0,  0,  0,  0,  0,  0, 0, 0, 0, 0,  0,  0, 0, 0,  0,  0,  0, 0,  0,  0,  0,  0, 0, 0, 0, 0, 0, 0, 0,  0,  0,  0,  0,  0,  0,  0, 0, 0, 0, 0,  0,  0,  0,  0,  0,  0,  0,  0,  0,  0, 0, 0,  0,  0, 0, 0, 0,  0, 0, 0,  0,  0,  0, 0, 0, 0, 0, 0, 0, 0,  0,  0,  0,  0,  0, 0, 0,  0,  0, 0, 0, 0, 0, 0, 0, 0,  0,  0, 0, 0,  0,  0,  0, 0,  0,  0,  0
0, 0, 0,  0,  0,  0,  0,  0,  0, 0, 0, 0, 0,  0,  0, 0, 0,  0,  41, 0, 0,  0,  0,  0,  0, 0, 0, 0, 0, 0, 0, 0,  33, 0,  0,  0,  0,  0,  0, 0, 0, 0, 0,  0,  0,  0,  0,  0,  0,  0,  0,  0,  0, 0, 0,  0,  0, 0, 0, 0,  0, 0, 0,  0,  0,  0, 0, 0, 0, 0, 0, 0, 38, 0,  0,  0,  0,  0, 0, 0,  0,  0, 0, 0, 0, 0, 0, 0, 0,  0,  0, 0, 0,  0,  0,  0, 0,  0,  0,  0
0, 0, 39, 39, 39, 39, 0,  0,  0, 0, 0, 0, 0,  0,  0, 0, 0,  41, 41, 0, 0,  0,  0,  0,  0, 0, 0, 0, 0, 0, 0, 0,  33, 33, 0,  0,  0,  0,  0, 0, 0, 0, 0,  0,  0,  0,  0,  0,  0,  0,  0,  0,  0, 0, 0,  0,  0, 0, 0, 0,  0, 0, 0,  0,  0,  0, 0, 0, 0, 0, 0, 0, 38, 0,  0,  0,  29, 0, 0, 0,  0,  0, 0, 0, 0, 0, 0, 0, 0,  0,  0, 0, 0,  0,  0,  0, 0,  0,  0,  0
0, 0, 0,  37, 37, 37, 0,  31, 0, 0, 0, 0, 0,  0,  0, 0, 0,  41, 0,  0, 0,  0,  0,  0,  0, 0, 0, 0, 0, 0, 0, 0,  0,  33, 0,  0,  0,  0,  0, 0, 0, 0, 0,  0,  36, 0,  0,  0,  0,  0,  0,  0,  0, 0, 0,  0,  0, 0, 0, 0,  0, 0, 0,  0,  0,  0, 0, 0, 0, 0, 0, 0, 38, 0,  0,  29, 29, 0, 0, 0,  0,  0, 0, 0, 0, 0, 0, 0, 0,  0,  0, 0, 0,  0,  0,  0, 0,  0,  0,  0
0, 0, 0,  37, 0,  19, 31, 31, 0, 0, 0, 0, 0,  0,  0, 0, 22, 22, 0,  0, 0,  0,  24, 0,  0, 0, 0, 0, 0, 0, 0, 25, 25, 25, 0,  26, 0,  0,  0, 0, 0, 0, 0,  36, 36, 0,  0,  0,  0,  0,  0,  0,  0, 0, 0,  0,  0, 0, 0, 0,  0, 0, 0,  40, 0,  0, 0, 0, 0, 0, 0, 0, 38, 0,  0,  29, 0,  9, 9, 0,  0,  0, 0, 0, 0, 0, 0, 0, 0,  0,  0, 0, 0,  30, 0,  0, 0,  0,  0,  0
0, 0, 0,  0,  0,  19, 19, 31, 0, 0, 0, 0, 0,  0,  0, 0, 0,  22, 22, 0, 0,  0,  24, 0,  0, 0, 0, 0, 0, 0, 0, 0,  0,  25, 0,  26, 26, 26, 0, 0, 0, 0, 0,  36, 0,  0,  0,  0,  0,  0,  0,  27, 0, 0, 0,  0,  0, 0, 0, 18, 0, 0, 40, 40, 40, 0, 0, 0, 0, 0, 0, 0, 20, 0,  12, 12, 12, 9, 0, 0,  0,  0, 0, 0, 0, 0, 0, 0, 0,  21, 0, 0, 30, 30, 30, 0, 42, 0,  0,  0
0, 0, 0,  0,  0,  10, 19, 0,  0, 0, 0, 0, 35, 0,  0, 0, 0,  0,  5,  0, 0,  0,  24, 0,  0, 0, 0, 0, 0, 0, 0, 0,  0,  6,  0,  17, 0,  0,  0, 0, 0, 0, 28, 28, 28, 28, 0,  0,  0,  32, 0,  27, 0, 0, 23, 0,  0, 0, 0, 18, 0, 0, 0,  14, 0,  0, 0, 0, 0, 0, 0, 2, 20, 20, 0,  0,  12, 9, 0, 13, 13, 0, 0, 0, 0, 0, 0, 0, 21, 21, 0, 0, 0,  11, 0,  0, 42, 42, 42, 34
0, 0, 0,  0,  10, 10, 0,  0,  0, 0, 0, 0, 35, 35, 0, 0, 0,  0,  5,  5, 0,  0,  24, 0,  0, 0, 0, 0, 0, 4, 4, 4,  6,  6,  17, 17, 0,  0,  0, 0, 0, 0, 7,  0,  0,  0,  0,  0,  0,  32, 32, 27, 0, 0, 23, 23, 0, 0, 0, 18, 0, 0, 14, 14, 0,  0, 0, 0, 0, 3, 0, 2, 2,  20, 0,  8,  8,  8, 0, 13, 0,  0, 0, 0, 0, 0, 0, 0, 21, 0,  0, 0, 11, 11, 0,  0, 0,  0,  34, 34
0, 0, 0,  0,  10, 0,  0,  0,  0, 0, 0, 0, 35, 0,  0, 0, 0,  0,  5,  0, 16, 16, 16, 16, 0, 0, 0, 0, 0, 0, 0, 4,  6,  0,  17, 0,  0,  0,  0, 0, 0, 0, 7,  7,  7,  15, 15, 15, 15, 32, 0,  27, 0, 0, 0,  23, 0, 0, 0, 18, 0, 0, 14, 0,  0,  0, 0, 0, 3, 3, 3, 2, 0,  0,  0,  0,  0,  8, 0, 13, 0,  0, 0, 0, 0, 0, 0, 0, 1,  1,  1, 1, 11, 0,  0,  0, 0,  0,  0,  34
